timestamp,open,high,low,close,volume
1755174600,0.00017872258571940166,0.00018073746084316426,0.00009825911020245015,0.0001213679361534213,317627067.921824
1755174900,0.0001213679361534213,0.00012447322117085873,0.00008924596439675309,0.00011197332672279694,258490834.43228698
1755175200,0.00011197332672279694,0.00014867622259947104,0.00010639582771629141,0.00013999491432557082,131635858.59128895
1755175500,0.00013999491432557082,0.00014671225539277666,0.00010272135263279319,0.0001131177177518326,100941064.21336406
1755175800,0.0001131177177518326,0.00012020026787675474,0.00010609875727106404,0.00010734634962983384,45028783.592961006
1755176100,0.00010734634962983384,0.00010895898302107851,0.00007990976063774177,0.00009006159211350678,125964830.20959102
1755176400,0.00009006159211350678,0.00009748446763861387,0.00008239265561917449,0.00008244043837676447,52956840.04003204
1755176700,0.00008244043837676447,0.00009286710568337623,0.00007314562835634622,0.00009009765631575785,77993476.97164601
1755177000,0.00009009765631575785,0.00011871394710200784,0.0000889816661773669,0.0001170990894576511,57282843.078435004
1755177300,0.0001170990894576511,0.0001433786972507229,0.0001161681818553423,0.0001268703215663006,42009690.402247995
1755177600,0.0001268703215663006,0.0001268703215663006,0.00011030347200017045,0.00011052667820298725,40194112.883915
1755177900,0.00011052667820298725,0.000125265314850574,0.00010765115276964885,0.00012148383403306016,54161336.876159005
1755178200,0.00012148383403306016,0.0001361599621381377,0.00012148383403306016,0.00012843707902488228,26099222.646647
1755178500,0.00012843707902488228,0.00014155786558209187,0.00012110807435950645,0.00013235560881758867,42483814.87142301
1755178800,0.00013235560881758867,0.0001713321530158167,0.00013235560881758867,0.0001562837823164187,53072960.47054399
1755179100,0.0001562837823164187,0.000157252916808859,0.00012258767647867067,0.00012258767647867067,36382451.940981984
1755179400,0.00012258767647867067,0.0001295456930581234,0.00011766815748167227,0.00011885809288743374,22808215.85983701
1755179700,0.00011885809288743374,0.000162964017167418,0.00011695174971091299,0.000162964017167418,51907827.12812899
1755180000,0.000162964017167418,0.00018718399980679364,0.00016212656881387408,0.00016879712156829072,44379853.269074
1755180300,0.00016879712156829072,0.000171471950557892,0.00015727510639550963,0.00015727510639550963,25296388.321597993
1755180600,0.00015727510639550963,0.00016501921978878345,0.0001507016719411535,0.00015360853708934997,23565837.830351003
1755180900,0.00015360853708934997,0.00015463716819724837,0.00013110952084768255,0.00013110952084768255,15075243.697903
1755181200,0.00013110952084768255,0.0001588970674799946,0.00013056524852447796,0.0001573338548848737,33446430.384274
1755181500,0.0001573338548848737,0.00016890559566840114,0.00015527765728082118,0.00016432788883110824,14158580.948623996
1755181800,0.00016432788883110824,0.00016432788883110824,0.00013729089332436677,0.00013729089332436677,21276577.940753996
1755182100,0.00013729089332436677,0.00014155449692433592,0.00012862051178109203,0.00013594053359790905,18163514.082878
1755182400,0.00013594053359790905,0.0001451069647562098,0.00012696385760303818,0.00014330698529641791,25543555.000551004
1755182700,0.00014330698529641791,0.00014394233901514415,0.0001328372140270704,0.00013846978122742192,13337853.088092001
1755183000,0.00013846978122742192,0.00014597554945006304,0.00013689930960353834,0.00013689930960353834,10553538.626853
1755183300,0.00013689930960353834,0.0001577471180200615,0.0001310451504881389,0.0001577471180200615,23718610.955522
1755183600,0.0001577471180200615,0.00015816081178708156,0.00013978731134276222,0.00015098366479004212,17367206.747029997
1755183900,0.00015098366479004212,0.00015187793778902018,0.00013692300033730053,0.00014663307100498904,17338942.911383003
1755184200,0.00014663307100498904,0.0001471917137018072,0.00014048062424071927,0.0001429901037395625,11287724.233887
1755184500,0.0001429901037395625,0.00014356358005520226,0.0001272396339294458,0.00013684842293756625,21523761.587484002
1755184800,0.00013684842293756625,0.00013684842293756625,0.00011571711571022648,0.00011643844805712592,32403618.890494
1755185100,0.00011643844805712592,0.000122472600093785,0.0001151851716696123,0.00011806575629112879,10540601.792902
1755185400,0.00011806575629112879,0.00011806575629112879,0.00010625086025590608,0.0001114518672537649,34115428.990842
1755185700,0.0001114518672537649,0.00011261286397134176,0.00010050389602465635,0.00010478448700028712,17815447.476233
1755186000,0.00010478448700028712,0.00010516420498209206,0.00009559218296208221,0.00009559218296208221,15315257.297071999
1755186300,0.00009559218296208221,0.00009673374404396218,0.00007759702787824222,0.00008658503038176927,78894560.40806
1755186600,0.00008658503038176927,0.00009097515825951343,0.00008530470356908322,0.00008705900585022014,15713463.112186998
1755186900,0.00008705900585022014,0.00009244540048221228,0.0000632679100446489,0.00006362434415249155,83559527.537636
1755187200,0.00006362434415249155,0.00007202336929569526,0.00006362434415249155,0.0000650212376694107,36649041.559468
1755187500,0.0000650212376694107,0.00006769826166808164,0.000046357530204893604,0.00004830934364607822,74113995.176786
1755187800,0.00004830934364607822,0.0000501434406323558,0.00004331715272493514,0.00004356358315415023,62397806.485573
1755188100,0.00004356358315415023,0.00005615373263893182,0.00004260969373487143,0.000050015529953822784,71169115.354065
1755188400,0.000050015529953822784,0.0000514541482181195,0.00004970261926627258,0.000050874808598982335,17040156.037822
1755188700,0.000050874808598982335,0.00005327505182244125,0.00005005225298160875,0.00005078908534925525,35389103.67278001
1755189000,0.00005078908534925525,0.00006101699597239836,0.000050559040192014696,0.00005339147149499107,49815024.59015401
1755189300,0.00005339147149499107,0.00005589624740829986,0.00004833901969541806,0.00004906363965402112,36426829.042703986
1755189600,0.00004906363965402112,0.00005886276717745497,0.0000489737281970771,0.00005849054350605204,46167465.556595005
1755189900,0.00005849054350605204,0.00005906740453816316,0.00005324044817533966,0.00005491401631828435,36248348.588584006
1755190200,0.00005491401631828435,0.000056288900478151484,0.00005062274017343317,0.00005062274017343317,27933923.416755
1755190500,0.00005062274017343317,0.00005062274017343317,0.00004519751813122147,0.000046661861701926366,31366259.42034899
1755190800,0.000046661861701926366,0.00005153864613152458,0.00004627881465407343,0.00005153864613152458,20537813.744101997
1755191100,0.00005153864613152458,0.000052882785369053285,0.00005005379767193076,0.000050142640586632305,10223049.342087
1755191400,0.000050142640586632305,0.000052218705520565974,0.00004973877072784202,0.0000514129588908645,11149826.853334
1755191700,0.0000514129588908645,0.0000514129588908645,0.00004812958815783708,0.00004824078052683803,8211142.561794
1755192000,0.00004824078052683803,0.00004858865195651534,0.00004793752424351299,0.00004858865195651534,3951086.471138
1755192300,0.00004858865195651534,0.0000492899197370479,0.00004858865195651534,0.0000492899197370479,377193.44745999994
1755192600,0.0000492899197370479,0.0000492899197370479,0.00004773638092701664,0.000047751365990440554,9751873.748951
1755192900,0.000047751365990440554,0.00005099534359808871,0.000047751365990440554,0.000050202518631659894,14307702.146387
1755193200,0.000050202518631659894,0.000050301085126821436,0.00003372501247997223,0.00003372501247997223,75626632.178703
1755193500,0.00003372501247997223,0.00003794080186084353,0.00003372501247997223,0.00003466942445720245,40879197.774275
1755193800,0.00003466942445720245,0.00003806331139845287,0.00003466942445720245,0.000037424291910038465,18332123.807256002
1755194100,0.000037424291910038465,0.00003827280968139194,0.000034875230776415726,0.00003827280968139194,33935540.72684201
1755194400,0.00003827280968139194,0.00003921425299516548,0.00003827280968139194,0.00003921425299516548,3459015.847316
1755194700,0.00003921425299516548,0.00004242645172537619,0.00003919668651720022,0.00004242645172537619,12676631.505548999
1755195000,0.00004242645172537619,0.000042538273305449525,0.00003996438381544587,0.00003996438381544587,9518702.792309
1755195300,0.00003996438381544587,0.00004066616208650572,0.00003995453862006856,0.00004027204001850317,5918219.080898
1755195600,0.00004027204001850317,0.00004049528285777037,0.000039254717905209456,0.000039254717905209456,9049330.286322
1755195900,0.000039254717905209456,0.000047635091306101,0.00003886733696171307,0.000046294874222606843,48157020.186225995
1755198000,0.00006451777592026376,0.00006663341834909858,0.00005423407974859723,0.00005423407974859723,82272314.86747701
1755201600,0.00005423407974859723,0.00005837438358301081,0.000048935607578621825,0.000053875996912843605,51046840.640364
1755205200,0.000053875996912843605,0.000053875996912843605,0.00003597168546329437,0.00004246424612082691,194088840.410041
1755208800,0.00004246424612082691,0.00004602360413500672,0.00004236338918416674,0.0000447693632146148,21851260.928471003
1755212400,0.0000447693632146148,0.00004934886724257511,0.00003670604677194071,0.0000472345372211107,125121646.69913204
1755216000,0.0000472345372211107,0.000052073578641536915,0.000037573777733824845,0.000052073578641536915,150063665.31952295
1755219600,0.000052073578641536915,0.00005451366115138887,0.00004917724178070536,0.00005018444367902137,60953648.920440994
1755223200,0.00005018444367902137,0.00005018444367902137,0.00004902569183803062,0.000049836707267959357,6653631.339594999
1755226800,0.000049836707267959357,0.00005036445303947265,0.0000491083628441448,0.000049502803871096684,4910293.071765999
1755230400,0.000049502803871096684,0.00005333623358519263,0.000049502803871096684,0.00005247976950568283,20388712.995490003
1755234000,0.00005247976950568283,0.00005247976950568283,0.0000511732375489477,0.0000511732375489477,10133610.777456
1755237600,0.0000511732375489477,0.0000511732375489477,0.00004762538102831127,0.000048943805912898925,15128622.802209
1755241200,0.000048943805912898925,0.000048943805912898925,0.00004341441515755325,0.000043600858777419554,26587133.687844
1755244800,0.000043600858777419554,0.00004783877767998921,0.00004044570686919099,0.0000470912456813862,49831142.620445006
1755248400,0.0000470912456813862,0.00004785216243753867,0.00004379004342836981,0.00004379004342836981,24011875.336278994
1755252000,0.00004379004342836981,0.000047662008601798654,0.00004379004342836981,0.00004542139775533222,22164274.767397
1755255600,0.00004542139775533222,0.00005679574437775112,0.00004168905423740945,0.00005679574437775112,90281984.83244602
1755259200,0.00005679574437775112,0.00006711025910483547,0.0000552865576719754,0.00006362746851667929,50220438.573481984
1755262800,0.00006362746851667929,0.00006362746851667929,0.00004462619897377896,0.00004467627294976262,92996921.57478699
1755266400,0.00004467627294976262,0.00004788878280823775,0.0000426809785750026,0.00004542571931044836,40068952.307287
1755270000,0.00004542571931044836,0.0000574714790093985,0.00004167992234812389,0.00004167992234812389,113803519.70695603
1755273600,0.00004167992234812389,0.00004249249484089011,0.00004049057767135999,0.00004049057767135999,25427886.178935997
1755277200,0.00004049057767135999,0.00004664905099180385,0.000038981968527962303,0.00004172392198087417,114214013.25386299
1755280800,0.00004172392198087417,0.0000463953932487306,0.00003943085367525768,0.00003943085367525768,71428727.53505804
1755284400,0.00003943085367525768,0.00004820432496716197,0.000032707566478486986,0.000043579451733813066,141963387.50060493
1755288000,0.000043579451733813066,0.00004607303456682119,0.000040610970061475414,0.00004147501043950595,85916235.003294
1755291600,0.00004147501043950595,0.0001326723184876679,0.00004147501043950595,0.00008198834999030777,1413999584.0027933
1755295200,0.00008198834999030777,0.00009842254199812294,0.00006363985450741412,0.00009567208780536881,589920670.4481772
1755298800,0.00009567208780536881,0.00009567208780536881,0.0000554462363150202,0.0000554462363150202,517185986.4621331
1755302400,0.0000554462363150202,0.0000554462363150202,0.00003611118966822156,0.00003757479508896457,217952552.16755894
1755306000,0.00003757479508896457,0.00005018185233424245,0.000036888709199054405,0.000047128257905457956,226384413.77928093
1755309600,0.000047128257905457956,0.00005495811328591329,0.000047128257905457956,0.00005235513029292261,54194812.978401
1755313200,0.00005235513029292261,0.000055659412389430686,0.00005129802371296722,0.00005399768389689314,21341834.529654
1755316800,0.00005399768389689314,0.00005782002837550484,0.000052729962678145366,0.000052729962678145366,46680369.612476006
1755320400,0.000052729962678145366,0.00005286359292223866,0.00004969919800556762,0.00004969919800556762,7700090.304756001
1755324000,0.00004969919800556762,0.00004975401656210719,0.00003842891808752687,0.00004308921359637956,131727002.34088205
1755327600,0.00004308921359637956,0.00004890300579304355,0.0000422701995712034,0.000042885980977665026,46417553.622306995
1755331200,0.000042885980977665026,0.000042885980977665026,0.00003891971540064269,0.000039121540360015956,60583385.329989
1755334800,0.000039121540360015956,0.00004842573672732331,0.00003883463063270005,0.00003883463063270005,113668750.92866097
1755338400,0.00003883463063270005,0.000043089852496034106,0.000035819652564550665,0.00004139098680818579,57737350.82018202
1755342000,0.00004139098680818579,0.000045999266023551445,0.00004018234151687952,0.000040753805015401305,46644188.42365201
1755345600,0.000040753805015401305,0.000041322466408226014,0.000040753805015401305,0.00004098016208609615,4150797.7313940004
1755349200,0.00004098016208609615,0.00004145464044096045,0.00004001586842888792,0.000040050868563948145,10509426.915756999
1755352800,0.000040050868563948145,0.00004108034665377025,0.00003641603312553733,0.00003674050837665584,29126079.004106
1755356400,0.00003674050837665584,0.000042797774428117076,0.000032069043487127366,0.000042797774428117076,88048474.435254
1755360000,0.000042797774428117076,0.00004311862189221055,0.0000416546895678546,0.00004204886381295033,17051293.518430002
1755363600,0.00004204886381295033,0.00004204886381295033,0.0000346518683514591,0.00003566495478468257,40735349.61381201
1755367200,0.00003566495478468257,0.00003710314191935761,0.00003566495478468257,0.00003701832280496789,11927500.68382
1755370800,0.00003701832280496789,0.00003701832280496789,0.000012290498063897518,0.000014925450117071284,336395820.4264909
1755374400,0.000014925450117071284,0.00001533960546496181,0.000014910818475918477,0.000014993048667747616,22448882.155305002
1755378000,0.000014993048667747616,0.000017401500218910362,0.000014993048667747616,0.000015986918752376673,67837555.106117
1755381600,0.000015986918752376673,0.000015986918752376673,0.00001436956269599577,0.000015700324008181015,47633489.37880299
1755385200,0.000015700324008181015,0.000015813257381469046,0.000015609911763082778,0.000015813257381469046,5197000.364175
1755388800,0.000015813257381469046,0.000018008654686386945,0.000015809684659367727,0.000016376692456163868,57267304.723685
1755392400,0.000016376692456163868,0.000016376692456163868,0.000014899373795260616,0.000014953116990063308,29899388.834896997
1755396000,0.000014953116990063308,0.000015264016175924622,0.000014934520172409193,0.000015264016175924622,1259821.760351
1755399600,0.000015264016175924622,0.000015658357422621104,0.00001395854292372277,0.000014189303626658955,62667391.308630005
1755403200,0.000014189303626658955,0.000014425592025925864,0.000013975611702967944,0.000013975611702967944,24931699.235049
1755406800,0.000013975611702967944,0.000013975611702967944,0.00001385524813471339,0.000013882759739480657,1965035.931703
1755410400,0.000013882759739480657,0.000013882759739480657,0.000013655239689907395,0.000013721091636153446,9002758.722468
1755414000,0.000013721091636153446,0.000013721091636153446,0.000011055135106143922,0.000011437680265984321,76375574.865228
1755417600,0.000011437680265984321,0.000011805735134986752,0.000011437680265984321,0.000011805735134986752,45652.317476
1755421200,0.000011805735134986752,0.000011805735134986752,0.000011552004218793738,0.000011552004218793738,4743283.315954
1755424800,0.000011552004218793738,0.00001240792551752412,0.000011552004218793738,0.0000123645483202777,65576719.603013
1755428400,0.0000123645483202777,0.0000123645483202777,0.000011951488165994391,0.000012212768126971237,11380957.361467
1755432000,0.000012212768126971237,0.000012840556610465032,0.000012173121283606037,0.000012767675250567462,17844024.403496
1755435600,0.000012767675250567462,0.000012843916796553002,0.000012767675250567462,0.000012787526298914255,3916367.9049779996
1755439200,0.000012787526298914255,0.000012787526298914255,0.000012412499285603856,0.000012412499285603856,10982797.022918
1755442800,0.000012412499285603856,0.000012412499285603856,0.000011461389810147061,0.000011539310682404629,47576697.300199
1755446400,0.000011539310682404629,0.000011736534734368294,0.000011390148897091057,0.000011736534734368294,17318052.900128
1755450000,0.000011736534734368294,0.000012117857620420311,0.000011736534734368294,0.000012117857620420311,4202854.871293
1755453600,0.000012117857620420311,0.000012983495451286843,0.000012117857620420311,0.000012983495451286843,21465310.529728
1755457200,0.000012983495451286843,0.000012983495451286843,0.000012706120025190341,0.000012706120025190341,8486880.344611
1755460800,0.000012706120025190341,0.000012784428198527173,0.000012667820691239347,0.000012667820691239347,12706067.059178
1755464400,0.000012667820691239347,0.000012667820691239347,0.00001261017052700455,0.00001261017052700455,59157.369755
1755468000,0.00001261017052700455,0.000012633439551051619,0.000012523478996530452,0.000012523478996530452,2713845.869946
1755471600,0.000012523478996530452,0.000012523478996530452,0.000012327429754628335,0.000012327429754628335,3121109.275394
1755475200,0.000012327429754628335,0.000012327429754628335,0.000012327429754628335,0.000012327429754628335,0
1755478800,0.000012327429754628335,0.000012327429754628335,0.000012093759617592764,0.000012093759617592764,3727203.156138
1755482400,0.000012093759617592764,0.000012093759617592764,0.000011733013520096868,0.000011733013520096868,4692391.070166
1755486000,0.000011733013520096868,0.000011733013520096868,0.000011478478682105417,0.000011478478682105417,2523354.462563
1755489600,0.000011478478682105417,0.000011478478682105417,0.000011478478682105417,0.000011478478682105417,0
1755493200,0.000011478478682105417,0.000011478478682105417,0.000011386292462064168,0.000011386292462064168,654867.876053
1755496800,0.000011386292462064168,0.000011389771625601858,0.000011298105891045621,0.000011298105891045621,723665.879709
1755500400,0.000011298105891045621,0.000011298105891045621,0.000011298105891045621,0.000011298105891045621,0
1755504000,0.000011298105891045621,0.000011298105891045621,0.000011274200300926659,0.000011274200300926659,249750
1755507600,0.000011274200300926659,0.000011274200300926659,0.000011221027589166826,0.000011221027589166826,3999762.3032480003
1755511200,0.000011221027589166826,0.000011221027589166826,0.000011221027589166826,0.000011221027589166826,0
1755514800,0.000011221027589166826,0.000011221027589166826,0.000011099157571855925,0.000011099157571855925,387535.395571
1755518400,0.000011099157571855925,0.000011099157571855925,0.000011077149835323362,0.000011077149835323362,5003793.500478
1755522000,0.000011077149835323362,0.00001364006455075129,0.00001085757477650625,0.00001085757477650625,157530136.31647402
1755525600,0.00001085757477650625,0.00001085757477650625,0.00001085757477650625,0.00001085757477650625,0
1755529200,0.00001085757477650625,0.000011001280367290697,0.000010855077255098154,0.000011001280367290697,6872266.07735
1755532800,0.000011001280367290697,0.000011477020595017012,0.000011001280367290697,0.000011477020595017012,13957311.598339
1755536400,0.000011477020595017012,0.00001170220859500439,0.000011477020595017012,0.000011634559384834202,8077980.758419
1755540000,0.000011634559384834202,0.000011634559384834202,0.000011413421835274384,0.000011413421835274384,844111.377857
1755543600,0.000011413421835274384,0.000011413421835274384,0.000011413421835274384,0.000011413421835274384,0
1755547200,0.000011413421835274384,0.000011413421835274384,0.000011413421835274384,0.000011413421835274384,0
1755550800,0.000011413421835274384,0.000011413421835274384,0.000011413421835274384,0.000011413421835274384,0
1755554400,0.000011413421835274384,0.000011413421835274384,0.000011413421835274384,0.000011413421835274384,0
1755558000,0.000011413421835274384,0.000011413421835274384,0.000011413421835274384,0.000011413421835274384,0
1755561600,0.000011413421835274384,0.000011413421835274384,0.000011069992760134137,0.000011069992760134137,7236276.373327
1755565200,0.000011069992760134137,0.000011219365604032714,0.000010500925806240662,0.000010500925806240662,17226938.584431
1755568800,0.000010500925806240662,0.000010500925806240662,0.000010500925806240662,0.000010500925806240662,0
1755572400,0.000010500925806240662,0.000010500925806240662,0.000010366519713926705,0.000010366519713926705,3272189.586799
1755576000,0.000010366519713926705,0.000010366519713926705,0.000009884771343960211,0.000009884771343960211,14863495.832941
1755579600,0.000009884771343960211,0.000009884771343960211,0.000009884771343960211,0.000009884771343960211,0
1755583200,0.000009884771343960211,0.000009884771343960211,0.000009884771343960211,0.000009884771343960211,0
1755586800,0.000009884771343960211,0.000009884771343960211,0.000009884771343960211,0.000009884771343960211,0
1755590400,0.000009884771343960211,0.000009884771343960211,0.000009758087668221782,0.000009758087668221782,1000362.5564989999
1755594000,0.000009758087668221782,0.000009758087668221782,0.000009758087668221782,0.000009758087668221782,0
1755597600,0.000009758087668221782,0.000009858020276034796,0.000009758087668221782,0.000009858020276034796,32121.564012
1755601200,0.000009858020276034796,0.000009858020276034796,0.000009858020276034796,0.000009858020276034796,0
1755604800,0.000009858020276034796,0.000009858020276034796,0.000009858020276034796,0.000009858020276034796,0
1755608400,0.000009858020276034796,0.000009858020276034796,0.000009858020276034796,0.000009858020276034796,0
1755612000,0.000009858020276034796,0.000009886391256637623,0.000009858020276034796,0.000009886391256637623,1093359.910029
1755615600,0.000009886391256637623,0.000009886391256637623,0.000009624026591931054,0.000009624026591931054,4505740.777298
1755619200,0.000009624026591931054,0.000009624026591931054,0.000009551524353747583,0.000009551524353747583,1482200.3822
1755622800,0.000009551524353747583,0.000009551524353747583,0.000009551524353747583,0.000009551524353747583,0
1755626400,0.000009551524353747583,0.000009626659727125747,0.000009551524353747583,0.00000958484608095558,509573.266564
1755630000,0.00000958484608095558,0.00000958484608095558,0.00000958484608095558,0.00000958484608095558,0
1755633600,0.00000958484608095558,0.00000958484608095558,0.00000958484608095558,0.00000958484608095558,0
1755637200,0.00000958484608095558,0.00000958484608095558,0.00000958484608095558,0.00000958484608095558,0
1755640800,0.00000958484608095558,0.00000958484608095558,0.00000958484608095558,0.00000958484608095558,0
1755644400,0.00000958484608095558,0.000009599156366565208,0.00000958484608095558,0.000009599156366565208,1477704.511782
1755648000,0.000009599156366565208,0.000009599156366565208,0.000009599156366565208,0.000009599156366565208,0
1755651600,0.000009599156366565208,0.000009599156366565208,0.000009599156366565208,0.000009599156366565208,0
1755655200,0.000009599156366565208,0.000009736252537149857,0.000009599156366565208,0.000009736252537149857,618014.759802
1755658800,0.000009736252537149857,0.000009736252537149857,0.000009736252537149857,0.000009736252537149857,0
1755662400,0.000009736252537149857,0.000009736252537149857,0.000009698522428028482,0.000009698522428028482,1342382.055736
1755666000,0.000009698522428028482,0.000009698522428028482,0.000009633824295442256,0.000009633824295442256,894546.304429
1755669600,0.000009633824295442256,0.000009633824295442256,0.000009633824295442256,0.000009633824295442256,0
1755673200,0.000009633824295442256,0.000009633824295442256,0.000009633824295442256,0.000009633824295442256,0
1755676800,0.000009633824295442256,0.000009633824295442256,0.000009633824295442256,0.000009633824295442256,0
1755680400,0.000009633824295442256,0.000009678202526507993,0.000009633824295442256,0.000009678202526507993,2855086.299863
1755684000,0.000009678202526507993,0.000009678202526507993,0.000009678202526507993,0.000009678202526507993,0
1755687600,0.000009678202526507993,0.000009678202526507993,0.000009524756481430783,0.000009524756481430783,303736.00546
1755691200,0.000009524756481430783,0.00000956384533934957,0.000009524756481430783,0.000009560469580520847,200154.069715
1755694800,0.000009560469580520847,0.000009560469580520847,0.000009560469580520847,0.000009560469580520847,0
1755698400,0.000009560469580520847,0.000009560469580520847,0.000009560469580520847,0.000009560469580520847,0
1755702000,0.000009560469580520847,0.000009789438882454937,0.000009560469580520847,0.000009747294586486195,485177.21655
1755705600,0.000009747294586486195,0.000009754250026107096,0.000009747294586486195,0.000009754250026107096,94881.388612
1755709200,0.000009754250026107096,0.000009754250026107096,0.000009754250026107096,0.000009754250026107096,0
1755712800,0.000009754250026107096,0.000009754250026107096,0.000009754250026107096,0.000009754250026107096,0
1755716400,0.000009754250026107096,0.000009754250026107096,0.000009754250026107096,0.000009754250026107096,0
1755720000,0.000009754250026107096,0.000009817698370081595,0.000009754250026107096,0.000009817698370081595,4609677.678467
1755723600,0.000009817698370081595,0.000010157372889569516,0.000009817698370081595,0.000010157372889569516,11785435.117870001
1755727200,0.000010157372889569516,0.000010157372889569516,0.000010132622030225024,0.000010132622030225024,211406.372962
1755730800,0.000010132622030225024,0.000010132622030225024,0.000010132622030225024,0.000010132622030225024,0
1755734400,0.000010132622030225024,0.000010132622030225024,0.000010132622030225024,0.000010132622030225024,0
1755738000,0.000010132622030225024,0.000010132622030225024,0.000009932932325835715,0.000009960478519171993,15774459.561556
1755741600,0.000009960478519171993,0.000009960478519171993,0.000009960478519171993,0.000009960478519171993,0
1755745200,0.000009960478519171993,0.000009960478519171993,0.000009960478519171993,0.000009960478519171993,0
1755748800,0.000009960478519171993,0.000009960478519171993,0.000009960478519171993,0.000009960478519171993,0
1755752400,0.000009960478519171993,0.000009960478519171993,0.000009960478519171993,0.000009960478519171993,0
1755756000,0.000009960478519171993,0.000009960478519171993,0.000009960478519171993,0.000009960478519171993,0
1755759600,0.000009960478519171993,0.000009960478519171993,0.000009960478519171993,0.000009960478519171993,0
1755763200,0.000009960478519171993,0.000009960478519171993,0.000009960478519171993,0.000009960478519171993,0
1755766800,0.000009960478519171993,0.000009960478519171993,0.000009960478519171993,0.000009960478519171993,0
1755770400,0.000009960478519171993,0.000009960478519171993,0.000009960478519171993,0.000009960478519171993,0
1755774000,0.000009960478519171993,0.000009960478519171993,0.000009960478519171993,0.000009960478519171993,0
1755777600,0.000009960478519171993,0.000009960478519171993,0.000009960478519171993,0.000009960478519171993,0
1755781200,0.000009960478519171993,0.000009960478519171993,0.000009960478519171993,0.000009960478519171993,0
1755784800,0.000009960478519171993,0.000009960478519171993,0.00000980434876149839,0.00000980434876149839,40484
1755788400,0.00000980434876149839,0.00000980434876149839,0.00000980434876149839,0.00000980434876149839,0
1755792000,0.00000980434876149839,0.00000980434876149839,0.00000980434876149839,0.00000980434876149839,0
1755795600,0.00000980434876149839,0.00000980434876149839,0.000009493623607180247,0.000009493623607180247,6380680.665240001
1755799200,0.000009493623607180247,0.000009496156400723312,0.000009493623607180247,0.000009496156400723312,53869.174702
1755802800,0.000009496156400723312,0.000009496156400723312,0.000009415605714766746,0.000009415605714766746,3883623.6
1755806400,0.000009415605714766746,0.000009415605714766746,0.000009415605714766746,0.000009415605714766746,0
1755810000,0.000009415605714766746,0.000009415605714766746,0.000009415605714766746,0.000009415605714766746,0
1755813600,0.000009415605714766746,0.000009415605714766746,0.000009415605714766746,0.000009415605714766746,0
1755817200,0.000009415605714766746,0.000009415605714766746,0.000009415605714766746,0.000009415605714766746,0
1755820800,0.000009415605714766746,0.000009415605714766746,0.000009292996046492452,0.000009292996046492452,4666397.460381
1755824400,0.000009292996046492452,0.000009292996046492452,0.000009292996046492452,0.000009292996046492452,0
1755828000,0.000009292996046492452,0.000009292996046492452,0.000009292996046492452,0.000009292996046492452,0
1755831600,0.000009292996046492452,0.000009292996046492452,0.000009292996046492452,0.000009292996046492452,0
1755835200,0.000009292996046492452,0.000009292996046492452,0.000009292996046492452,0.000009292996046492452,0
1755838800,0.000009292996046492452,0.000009292996046492452,0.000009292996046492452,0.000009292996046492452,0
1755842400,0.000009292996046492452,0.000009292996046492452,0.000009292996046492452,0.000009292996046492452,0
1755846000,0.000009292996046492452,0.000009292996046492452,0.000009292996046492452,0.000009292996046492452,0
1755849600,0.000009292996046492452,0.000009292996046492452,0.000009292996046492452,0.000009292996046492452,0
1755853200,0.000009292996046492452,0.000009346027075757225,0.000009292996046492452,0.000009346027075757225,22651.653936
1755856800,0.000009346027075757225,0.000009346027075757225,0.000009346027075757225,0.000009346027075757225,0
1755860400,0.000009346027075757225,0.000009346027075757225,0.000009346027075757225,0.000009346027075757225,0
1755864000,0.000009346027075757225,0.000009346027075757225,0.000009070504337659291,0.000009070504337659291,5599255.822829
1755867600,0.000009070504337659291,0.000009070504337659291,0.000008917939860664072,0.000008917939860664072,3313580.456458
1755871200,0.000008917939860664072,0.000008917939860664072,0.000008917939860664072,0.000008917939860664072,0
1755874800,0.000008917939860664072,0.000009828939384221653,0.000008917939860664072,0.000009828939384221653,20345626.938154
1755878400,0.000009828939384221653,0.000009828939384221653,0.000009623653509133035,0.000009623653509133035,2704580.100379
1755882000,0.000009623653509133035,0.000009623653509133035,0.00000771054682393762,0.00000771054682393762,78651375.21013401
1755885600,0.00000771054682393762,0.00000771054682393762,0.00000771054682393762,0.00000771054682393762,0
1755889200,0.00000771054682393762,0.00000771054682393762,0.000007697838136498702,0.000007697838136498702,3500000
1755892800,0.000007697838136498702,0.000007697838136498702,0.000007697838136498702,0.000007697838136498702,0
1755896400,0.000007697838136498702,0.000007697838136498702,0.000007697838136498702,0.000007697838136498702,0
1755900000,0.000007697838136498702,0.000007697838136498702,0.000007697838136498702,0.000007697838136498702,0
1755903600,0.000007697838136498702,0.000007697838136498702,0.000007668577414574247,0.000007668577414574247,2099255.8
1755907200,0.000007668577414574247,0.000007668577414574247,0.000007596980537168778,0.000007596980537168778,6954228.699803
1755910800,0.000007596980537168778,0.000007596980537168778,0.000007596980537168778,0.000007596980537168778,0
1755914400,0.000007596980537168778,0.000007596980537168778,0.000007596980537168778,0.000007596980537168778,0
1755918000,0.000007596980537168778,0.000007596980537168778,0.000007596980537168778,0.000007596980537168778,0
1755921600,0.000007596980537168778,0.000007596980537168778,0.000007524266362179355,0.000007524266362179355,595936.362571
1755925200,0.000007524266362179355,0.000007524266362179355,0.000007524266362179355,0.000007524266362179355,0
1755928800,0.000007524266362179355,0.000007524266362179355,0.000007524266362179355,0.000007524266362179355,0
1755932400,0.000007524266362179355,0.000007524266362179355,0.000007524266362179355,0.000007524266362179355,0
1755936000,0.000007524266362179355,0.000007524266362179355,0.000007524266362179355,0.000007524266362179355,0
1755939600,0.000007524266362179355,0.000007524266362179355,0.000007524266362179355,0.000007524266362179355,0
1755943200,0.000007524266362179355,0.000007524266362179355,0.000007524266362179355,0.000007524266362179355,0
1755946800,0.000007524266362179355,0.000007524266362179355,0.000007524266362179355,0.000007524266362179355,0
1755950400,0.000007524266362179355,0.000007524266362179355,0.000007524266362179355,0.000007524266362179355,0
1755954000,0.000007524266362179355,0.000007575810036994039,0.000007524266362179355,0.000007575810036994039,238439.650923
1755957600,0.000007575810036994039,0.000007575810036994039,0.000007575810036994039,0.000007575810036994039,0
1755961200,0.000007575810036994039,0.000007575810036994039,0.000007575810036994039,0.000007575810036994039,0
1755964800,0.000007575810036994039,0.000007575810036994039,0.000007575810036994039,0.000007575810036994039,0
1755968400,0.000007575810036994039,0.000007633101890465305,0.000007575810036994039,0.000007633101890465305,1251192.121613
1755972000,0.000007633101890465305,0.000007633101890465305,0.000007633101890465305,0.000007633101890465305,0
1755975600,0.000007633101890465305,0.000007633101890465305,0.000007633101890465305,0.000007633101890465305,0
1755979200,0.000007633101890465305,0.000007633101890465305,0.000007633101890465305,0.000007633101890465305,0
1755982800,0.000007633101890465305,0.000007633101890465305,0.0000074303718863990515,0.0000074303718863990515,19648588.555492
1755986400,0.0000074303718863990515,0.0000074303718863990515,0.0000074303718863990515,0.0000074303718863990515,0
1755990000,0.0000074303718863990515,0.0000074303718863990515,0.000007175340127620946,0.000007175340127620946,8189182.054306
1755993600,0.000007175340127620946,0.000007175340127620946,0.000007175340127620946,0.000007175340127620946,0
1755997200,0.000007175340127620946,0.000007175340127620946,0.000007175340127620946,0.000007175340127620946,0
1756000800,0.000007175340127620946,0.000007175340127620946,0.000007175340127620946,0.000007175340127620946,0
1756004400,0.000007175340127620946,0.000007175340127620946,0.000007175340127620946,0.000007175340127620946,0
1756008000,0.000007175340127620946,0.000007175340127620946,0.000007175340127620946,0.000007175340127620946,0
1756011600,0.000007175340127620946,0.000007175340127620946,0.000007175340127620946,0.000007175340127620946,0
1756015200,0.000007175340127620946,0.000007175340127620946,0.000007175340127620946,0.000007175340127620946,0
1756018800,0.000007175340127620946,0.000007221581064183619,0.000007175340127620946,0.000007221581064183619,1251192.121614
1756022400,0.000007221581064183619,0.000007221581064183619,0.000007221581064183619,0.000007221581064183619,0
1756026000,0.000007221581064183619,0.000007221581064183619,0.000007221581064183619,0.000007221581064183619,0
1756029600,0.000007221581064183619,0.000007221581064183619,0.000007221581064183619,0.000007221581064183619,0
1756033200,0.000007221581064183619,0.000007221581064183619,0.000007221581064183619,0.000007221581064183619,0
1756036800,0.000007221581064183619,0.000007221581064183619,0.000007221581064183619,0.000007221581064183619,0
1756040400,0.000007221581064183619,0.000007221581064183619,0.000007221581064183619,0.000007221581064183619,0
1756044000,0.000007221581064183619,0.000007221581064183619,0.000007221581064183619,0.000007221581064183619,0
1756047600,0.000007221581064183619,0.000007221581064183619,0.000007137504298398097,0.000007137504298398097,234091.961872
1756051200,0.000007137504298398097,0.000007137504298398097,0.000007137504298398097,0.000007137504298398097,0
1756054800,0.000007137504298398097,0.000007137504298398097,0.000007137504298398097,0.000007137504298398097,0
1756058400,0.000007137504298398097,0.000007137504298398097,0.000007137504298398097,0.000007137504298398097,0
1756062000,0.000007137504298398097,0.000007137504298398097,0.000007137504298398097,0.000007137504298398097,0
1756065600,0.000007137504298398097,0.000007137504298398097,0.000007137504298398097,0.000007137504298398097,0
1756069200,0.000007137504298398097,0.000007137504298398097,0.000007137504298398097,0.000007137504298398097,0
1756072800,0.000007137504298398097,0.000007137504298398097,0.000007137504298398097,0.000007137504298398097,0
1756076400,0.000007137504298398097,0.000007137504298398097,0.000007137504298398097,0.000007137504298398097,0
1756080000,0.000007137504298398097,0.000007137504298398097,0.000007137504298398097,0.000007137504298398097,0
1756083600,0.000007137504298398097,0.000007137504298398097,0.000007137504298398097,0.000007137504298398097,0
1756087200,0.000007137504298398097,0.000007137504298398097,0.000007137504298398097,0.000007137504298398097,0
1756090800,0.000007137504298398097,0.000007137504298398097,0.000007137504298398097,0.000007137504298398097,0
1756094400,0.000007137504298398097,0.000007137504298398097,0.000007137504298398097,0.000007137504298398097,0
1756098000,0.000007137504298398097,0.0000071527037321646985,0.000007127746009954573,0.000007127746009954573,1576550.120439
1756101600,0.000007127746009954573,0.000007127746009954573,0.000007127746009954573,0.000007127746009954573,0
1756105200,0.000007127746009954573,0.000007127746009954573,0.000007127746009954573,0.000007127746009954573,0
1756108800,0.000007127746009954573,0.000007127746009954573,0.000007127746009954573,0.000007127746009954573,0
1756112400,0.000007127746009954573,0.000007127746009954573,0.000007127746009954573,0.000007127746009954573,0
1756116000,0.000007127746009954573,0.000007127746009954573,0.000007127746009954573,0.000007127746009954573,0
1756119600,0.000007127746009954573,0.000007127746009954573,0.000007127746009954573,0.000007127746009954573,0
1756123200,0.000007127746009954573,0.000007127746009954573,0.000007127746009954573,0.000007127746009954573,0
1756126800,0.000007127746009954573,0.000007127746009954573,0.000007127746009954573,0.000007127746009954573,0
1756130400,0.000007127746009954573,0.000007127746009954573,0.000007127746009954573,0.000007127746009954573,0
1756134000,0.000007127746009954573,0.000007127746009954573,0.000006837235951077809,0.000006837235951077809,1004666.676712
1756137600,0.000006837235951077809,0.000006837235951077809,0.000006837235951077809,0.000006837235951077809,0
1756141200,0.000006837235951077809,0.000006837235951077809,0.000006837235951077809,0.000006837235951077809,0
1756144800,0.000006837235951077809,0.000006837235951077809,0.000006837235951077809,0.000006837235951077809,0
1756148400,0.000006837235951077809,0.000006837235951077809,0.000006837235951077809,0.000006837235951077809,0
1756152000,0.000006837235951077809,0.000006837235951077809,0.000006587545530447575,0.000006666289123159667,9712175.72403
1756155600,0.000006666289123159667,0.000006666289123159667,0.000006666289123159667,0.000006666289123159667,0
1756159200,0.000006666289123159667,0.000006666289123159667,0.000006666289123159667,0.000006666289123159667,0
1756162800,0.000006666289123159667,0.000006666289123159667,0.000006666289123159667,0.000006666289123159667,0
1756166400,0.000006666289123159667,0.000006666289123159667,0.000006666289123159667,0.000006666289123159667,0
1756170000,0.000006666289123159667,0.000006666289123159667,0.000006666289123159667,0.000006666289123159667,0
1756173600,0.000006666289123159667,0.000006670282940209702,0.000006666289123159667,0.000006670282940209702,95975.617051
1756177200,0.000006670282940209702,0.000006670282940209702,0.000006670282940209702,0.000006670282940209702,0
1756180800,0.000006670282940209702,0.000006670282940209702,0.000006670282940209702,0.000006670282940209702,0
1756184400,0.000006670282940209702,0.000006670282940209702,0.000006670282940209702,0.000006670282940209702,0
1756188000,0.000006670282940209702,0.000006670282940209702,0.000006670282940209702,0.000006670282940209702,0
1756191600,0.000006670282940209702,0.000006670282940209702,0.000006670282940209702,0.000006670282940209702,0
1756195200,0.000006670282940209702,0.000006670282940209702,0.000006670282940209702,0.000006670282940209702,0
1756198800,0.000006670282940209702,0.000006670282940209702,0.000006670282940209702,0.000006670282940209702,0
1756202400,0.000006670282940209702,0.000006670282940209702,0.000006670282940209702,0.000006670282940209702,0
1756206000,0.000006670282940209702,0.000006670282940209702,0.000006670282940209702,0.000006670282940209702,0
1756209600,0.000006670282940209702,0.000006670282940209702,0.000006670282940209702,0.000006670282940209702,0
1756213200,0.000006670282940209702,0.000006758979126029039,0.000006670282940209702,0.000006758979126029039,4627352.050606
1756216800,0.000006758979126029039,0.000006758979126029039,0.000006740828195077456,0.000006740828195077456,469332.098617
1756220400,0.000006740828195077456,0.000006740828195077456,0.000006740828195077456,0.000006740828195077456,0
1756224000,0.000006740828195077456,0.000006740828195077456,0.000006740828195077456,0.000006740828195077456,0
1756227600,0.000006740828195077456,0.000006740828195077456,0.000006740828195077456,0.000006740828195077456,0
1756231200,0.000006740828195077456,0.000006740828195077456,0.000006740828195077456,0.000006740828195077456,0
1756234800,0.000006740828195077456,0.000006740828195077456,0.000006740828195077456,0.000006740828195077456,0
1756238400,0.000006740828195077456,0.000006740828195077456,0.000006740828195077456,0.000006740828195077456,0
1756242000,0.000006740828195077456,0.00000683368687955858,0.000006740828195077456,0.00000683368687955858,20180837.011048
1756245600,0.00000683368687955858,0.00000683368687955858,0.00000683368687955858,0.00000683368687955858,0
1756249200,0.00000683368687955858,0.00000683368687955858,0.00000683368687955858,0.00000683368687955858,0
1756252800,0.00000683368687955858,0.00000683368687955858,0.00000683368687955858,0.00000683368687955858,0
1756256400,0.00000683368687955858,0.00000683368687955858,0.00000683368687955858,0.00000683368687955858,0
1756260000,0.00000683368687955858,0.00000683368687955858,0.00000683368687955858,0.00000683368687955858,0
1756263600,0.00000683368687955858,0.00000683368687955858,0.00000683368687955858,0.00000683368687955858,0
1756267200,0.00000683368687955858,0.00000683368687955858,0.00000683368687955858,0.00000683368687955858,0
1756270800,0.00000683368687955858,0.00000683368687955858,0.00000683368687955858,0.00000683368687955858,0
1756274400,0.00000683368687955858,0.00000683368687955858,0.00000683368687955858,0.00000683368687955858,0
1756278000,0.00000683368687955858,0.00000683368687955858,0.00000683368687955858,0.00000683368687955858,0
1756281600,0.00000683368687955858,0.000006841105139283155,0.00000683368687955858,0.000006841105139283155,3569749.115501
1756285200,0.000006841105139283155,0.000006841105139283155,0.000006841105139283155,0.000006841105139283155,0
1756288800,0.000006841105139283155,0.000006841105139283155,0.000006841105139283155,0.000006841105139283155,0
1756292400,0.000006841105139283155,0.000006841105139283155,0.000006841105139283155,0.000006841105139283155,0
1756296000,0.000006841105139283155,0.000006841105139283155,0.000006841105139283155,0.000006841105139283155,0
1756299600,0.000006841105139283155,0.000006841105139283155,0.000006841105139283155,0.000006841105139283155,0
1756303200,0.000006841105139283155,0.000006841105139283155,0.000006841105139283155,0.000006841105139283155,0
1756306800,0.000006841105139283155,0.000006995928142252943,0.000006841105139283155,0.000006995928142252943,21583.779802
1756310400,0.000006995928142252943,0.000006995928142252943,0.000006995928142252943,0.000006995928142252943,0
1756314000,0.000006995928142252943,0.000006995928142252943,0.000006995928142252943,0.000006995928142252943,0
1756317600,0.000006995928142252943,0.000006995928142252943,0.000006995928142252943,0.000006995928142252943,0
1756321200,0.000006995928142252943,0.000006995928142252943,0.000006995928142252943,0.000006995928142252943,0
1756324800,0.000006995928142252943,0.000006995928142252943,0.000006995928142252943,0.000006995928142252943,0
1756328400,0.000006995928142252943,0.000006995928142252943,0.000006995928142252943,0.000006995928142252943,0
1756332000,0.000006995928142252943,0.000006995928142252943,0.000006995928142252943,0.000006995928142252943,0
1756335600,0.000006995928142252943,0.000006995928142252943,0.000006995928142252943,0.000006995928142252943,0
1756339200,0.000006995928142252943,0.000006995928142252943,0.000006995928142252943,0.000006995928142252943,0
1756342800,0.000006995928142252943,0.000006995928142252943,0.000006995928142252943,0.000006995928142252943,0
1756346400,0.000006995928142252943,0.000006995928142252943,0.000006995928142252943,0.000006995928142252943,0
1756350000,0.000006995928142252943,0.000006995928142252943,0.000006995928142252943,0.000006995928142252943,0
1756353600,0.000006995928142252943,0.000006995928142252943,0.000006995928142252943,0.000006995928142252943,0
1756357200,0.000006995928142252943,0.000006995928142252943,0.000006995928142252943,0.000006995928142252943,0
1756360800,0.000006995928142252943,0.000006995928142252943,0.000006995928142252943,0.000006995928142252943,0
1756364400,0.000006995928142252943,0.000006995928142252943,0.000006995928142252943,0.000006995928142252943,0
1756368000,0.000006995928142252943,0.000006995928142252943,0.000006995928142252943,0.000006995928142252943,0
1756371600,0.000006995928142252943,0.000006995928142252943,0.000006995928142252943,0.000006995928142252943,0
1756375200,0.000006995928142252943,0.000006995928142252943,0.000006995928142252943,0.000006995928142252943,0
1756378800,0.000006995928142252943,0.000006995928142252943,0.000006995928142252943,0.000006995928142252943,0
1756382400,0.000006995928142252943,0.000006995928142252943,0.000006995928142252943,0.000006995928142252943,0
1756386000,0.000006995928142252943,0.000007163194593332668,0.000006995928142252943,0.000007163194593332668,23039.857871
1756389600,0.000007163194593332668,0.000007163194593332668,0.000007163194593332668,0.000007163194593332668,0
1756393200,0.000007163194593332668,0.000007163194593332668,0.000007163194593332668,0.000007163194593332668,0
1756396800,0.000007163194593332668,0.000007163194593332668,0.000007163194593332668,0.000007163194593332668,0
1756400400,0.000007163194593332668,0.000007163194593332668,0.000007163194593332668,0.000007163194593332668,0
1756404000,0.000007163194593332668,0.000007163194593332668,0.000007163194593332668,0.000007163194593332668,0
1756407600,0.000007163194593332668,0.000007163194593332668,0.000007163194593332668,0.000007163194593332668,0
1756411200,0.000007163194593332668,0.000007163194593332668,0.000007163194593332668,0.000007163194593332668,0
1756414800,0.000007163194593332668,0.000007163194593332668,0.00000706469981835824,0.00000706469981835824,10654568.184129
1756418400,0.00000706469981835824,0.00000706469981835824,0.00000706469981835824,0.00000706469981835824,0
1756422000,0.00000706469981835824,0.00000706469981835824,0.00000706469981835824,0.00000706469981835824,0
1756425600,0.00000706469981835824,0.00000706469981835824,0.00000706469981835824,0.00000706469981835824,0
1756429200,0.00000706469981835824,0.00000706469981835824,0.00000706469981835824,0.00000706469981835824,0
1756432800,0.00000706469981835824,0.00000706469981835824,0.00000706469981835824,0.00000706469981835824,0
1756436400,0.00000706469981835824,0.00000706469981835824,0.00000706469981835824,0.00000706469981835824,0
1756440000,0.00000706469981835824,0.00000706469981835824,0.00000706469981835824,0.00000706469981835824,0
1756443600,0.00000706469981835824,0.00000706469981835824,0.00000706469981835824,0.00000706469981835824,0
1756447200,0.00000706469981835824,0.00000706469981835824,0.00000706469981835824,0.00000706469981835824,0
1756450800,0.00000706469981835824,0.00000706469981835824,0.00000706469981835824,0.00000706469981835824,0
1756454400,0.00000706469981835824,0.00000706469981835824,0.00000706469981835824,0.00000706469981835824,0
1756458000,0.00000706469981835824,0.00000706469981835824,0.00000706469981835824,0.00000706469981835824,0
1756461600,0.00000706469981835824,0.00000706469981835824,0.00000706469981835824,0.00000706469981835824,0
1756465200,0.00000706469981835824,0.00000706469981835824,0.00000706469981835824,0.00000706469981835824,0
1756468800,0.00000706469981835824,0.00000706469981835824,0.00000706469981835824,0.00000706469981835824,0
1756472400,0.00000706469981835824,0.00000706469981835824,0.00000706469981835824,0.00000706469981835824,0
1756476000,0.00000706469981835824,0.00000706469981835824,0.000006873521747783617,0.000006873521747783617,3556727.662876
1756479600,0.000006873521747783617,0.000006873521747783617,0.000006873521747783617,0.000006873521747783617,0
1756483200,0.000006873521747783617,0.000006873521747783617,0.000006873521747783617,0.000006873521747783617,0
1756486800,0.000006873521747783617,0.000006873521747783617,0.000006873521747783617,0.000006873521747783617,0
1756490400,0.000006873521747783617,0.000006873521747783617,0.000006873521747783617,0.000006873521747783617,0
1756494000,0.000006873521747783617,0.000006873521747783617,0.000006665121221375336,0.000006665121221375336,253265.992057
1756497600,0.000006665121221375336,0.000006665121221375336,0.000006665121221375336,0.000006665121221375336,0
1756501200,0.000006665121221375336,0.000006665121221375336,0.0000065358678719176395,0.0000065358678719176395,4627352.050606
1756504800,0.0000065358678719176395,0.0000065358678719176395,0.0000065358678719176395,0.0000065358678719176395,0
1756508400,0.0000065358678719176395,0.0000065358678719176395,0.0000065358678719176395,0.0000065358678719176395,0
1756512000,0.0000065358678719176395,0.0000065358678719176395,0.0000065358678719176395,0.0000065358678719176395,0
1756515600,0.0000065358678719176395,0.0000065358678719176395,0.0000065358678719176395,0.0000065358678719176395,0
1756519200,0.0000065358678719176395,0.0000065358678719176395,0.0000065358678719176395,0.0000065358678719176395,0
1756522800,0.0000065358678719176395,0.0000065358678719176395,0.0000065358678719176395,0.0000065358678719176395,0
1756526400,0.0000065358678719176395,0.0000065358678719176395,0.0000065358678719176395,0.0000065358678719176395,0
1756530000,0.0000065358678719176395,0.0000065358678719176395,0.0000065358678719176395,0.0000065358678719176395,0
1756533600,0.0000065358678719176395,0.0000065358678719176395,0.0000065358678719176395,0.0000065358678719176395,0
1756537200,0.0000065358678719176395,0.0000065358678719176395,0.0000065358678719176395,0.0000065358678719176395,0
1756540800,0.0000065358678719176395,0.0000065358678719176395,0.0000065358678719176395,0.0000065358678719176395,0
1756544400,0.0000065358678719176395,0.0000065358678719176395,0.0000065358678719176395,0.0000065358678719176395,0
1756548000,0.0000065358678719176395,0.0000065358678719176395,0.0000065358678719176395,0.0000065358678719176395,0
1756551600,0.0000065358678719176395,0.0000065358678719176395,0.0000065358678719176395,0.0000065358678719176395,0
1756555200,0.0000065358678719176395,0.0000065358678719176395,0.0000065358678719176395,0.0000065358678719176395,0
1756558800,0.0000065358678719176395,0.0000065358678719176395,0.0000065358678719176395,0.0000065358678719176395,0
1756562400,0.0000065358678719176395,0.0000065358678719176395,0.0000065358678719176395,0.0000065358678719176395,0
1756566000,0.0000065358678719176395,0.0000065358678719176395,0.0000065358678719176395,0.0000065358678719176395,0
1756569600,0.0000065358678719176395,0.0000065358678719176395,0.0000065358678719176395,0.0000065358678719176395,0
1756573200,0.0000065358678719176395,0.0000065358678719176395,0.0000065358678719176395,0.0000065358678719176395,0
1756576800,0.0000065358678719176395,0.0000065358678719176395,0.0000065358678719176395,0.0000065358678719176395,0
1756580400,0.0000065358678719176395,0.0000065358678719176395,0.0000065358678719176395,0.0000065358678719176395,0
1756584000,0.0000065358678719176395,0.0000065358678719176395,0.0000065358678719176395,0.0000065358678719176395,0
1756587600,0.0000065358678719176395,0.0000065358678719176395,0.0000065358678719176395,0.0000065358678719176395,0
1756591200,0.0000065358678719176395,0.0000065358678719176395,0.0000065358678719176395,0.0000065358678719176395,0
1756594800,0.0000065358678719176395,0.0000065358678719176395,0.0000065358678719176395,0.0000065358678719176395,0
1756598400,0.0000065358678719176395,0.0000065358678719176395,0.0000065358678719176395,0.0000065358678719176395,0
1756602000,0.0000065358678719176395,0.0000065358678719176395,0.0000065358678719176395,0.0000065358678719176395,0
1756605600,0.0000065358678719176395,0.0000065358678719176395,0.0000065358678719176395,0.0000065358678719176395,0
1756609200,0.0000065358678719176395,0.0000065358678719176395,0.0000065358678719176395,0.0000065358678719176395,0
1756612800,0.0000065358678719176395,0.0000065358678719176395,0.0000065358678719176395,0.0000065358678719176395,0
1756616400,0.0000065358678719176395,0.0000065358678719176395,0.0000065358678719176395,0.0000065358678719176395,0
1756620000,0.0000065358678719176395,0.0000065358678719176395,0.0000065358678719176395,0.0000065358678719176395,0
1756623600,0.0000065358678719176395,0.0000065358678719176395,0.0000065358678719176395,0.0000065358678719176395,0
1756627200,0.0000065358678719176395,0.0000065358678719176395,0.0000065358678719176395,0.0000065358678719176395,0
1756630800,0.0000065358678719176395,0.0000065358678719176395,0.0000065358678719176395,0.0000065358678719176395,0
1756634400,0.0000065358678719176395,0.0000065358678719176395,0.0000065358678719176395,0.0000065358678719176395,0
1756638000,0.0000065358678719176395,0.0000065358678719176395,0.0000065358678719176395,0.0000065358678719176395,0
1756641600,0.0000065358678719176395,0.0000065358678719176395,0.0000065358678719176395,0.0000065358678719176395,0
1756645200,0.0000065358678719176395,0.0000065358678719176395,0.0000065358678719176395,0.0000065358678719176395,0
1756648800,0.0000065358678719176395,0.0000065358678719176395,0.0000065358678719176395,0.0000065358678719176395,0
1756652400,0.0000065358678719176395,0.0000065358678719176395,0.0000065358678719176395,0.0000065358678719176395,0
1756656000,0.0000065358678719176395,0.0000065358678719176395,0.0000065358678719176395,0.0000065358678719176395,0
1756659600,0.0000065358678719176395,0.0000065358678719176395,0.0000065358678719176395,0.0000065358678719176395,0
1756663200,0.0000065358678719176395,0.0000065358678719176395,0.0000065358678719176395,0.0000065358678719176395,0
1756666800,0.0000065358678719176395,0.0000065358678719176395,0.0000065358678719176395,0.0000065358678719176395,0
1756670400,0.0000065358678719176395,0.0000065358678719176395,0.0000065358678719176395,0.0000065358678719176395,0
1756674000,0.0000065358678719176395,0.0000065358678719176395,0.0000065358678719176395,0.0000065358678719176395,0
1756677600,0.0000065358678719176395,0.0000065358678719176395,0.0000065358678719176395,0.0000065358678719176395,0
1756681200,0.0000065358678719176395,0.0000065358678719176395,0.0000065358678719176395,0.0000065358678719176395,0
1756684800,0.0000065358678719176395,0.0000065358678719176395,0.0000065358678719176395,0.0000065358678719176395,0
1756688400,0.0000065358678719176395,0.0000065358678719176395,0.0000065358678719176395,0.0000065358678719176395,0
1756692000,0.0000065358678719176395,0.0000065358678719176395,0.0000065358678719176395,0.0000065358678719176395,0
1756695600,0.0000065358678719176395,0.0000065358678719176395,0.0000065358678719176395,0.0000065358678719176395,0
1756699200,0.0000065358678719176395,0.0000065358678719176395,0.0000065358678719176395,0.0000065358678719176395,0
1756702800,0.0000065358678719176395,0.0000065358678719176395,0.0000065358678719176395,0.0000065358678719176395,0
1756706400,0.0000065358678719176395,0.0000065358678719176395,0.0000065358678719176395,0.0000065358678719176395,0
1756710000,0.0000065358678719176395,0.0000065358678719176395,0.0000065358678719176395,0.0000065358678719176395,0
1756713600,0.0000065358678719176395,0.0000065358678719176395,0.0000065358678719176395,0.0000065358678719176395,0
1756717200,0.0000065358678719176395,0.0000065358678719176395,0.0000065358678719176395,0.0000065358678719176395,0
1756720800,0.0000065358678719176395,0.0000065358678719176395,0.000006430730700012759,0.000006430730700012759,526569.846507
1756724400,0.000006430730700012759,0.000006430730700012759,0.000006430730700012759,0.000006430730700012759,0
1756728000,0.000006430730700012759,0.000006430730700012759,0.000006430730700012759,0.000006430730700012759,0
1756731600,0.000006430730700012759,0.000006430730700012759,0.000006430730700012759,0.000006430730700012759,0
1756735200,0.000006430730700012759,0.000006430730700012759,0.000006430730700012759,0.000006430730700012759,0
1756738800,0.000006430730700012759,0.000006430730700012759,0.000006430730700012759,0.000006430730700012759,0
1756742400,0.000006430730700012759,0.000006430730700012759,0.000006430730700012759,0.000006430730700012759,0
1756746000,0.000006430730700012759,0.000006430730700012759,0.000006430730700012759,0.000006430730700012759,0
1756749600,0.000006430730700012759,0.000006430730700012759,0.000006430730700012759,0.000006430730700012759,0
1756753200,0.000006430730700012759,0.000006430730700012759,0.000006430730700012759,0.000006430730700012759,0
1756756800,0.000006430730700012759,0.000006430730700012759,0.000006430730700012759,0.000006430730700012759,0
1756760400,0.000006430730700012759,0.000006430730700012759,0.000006430730700012759,0.000006430730700012759,0
1756764000,0.000006430730700012759,0.000006430730700012759,0.000006430730700012759,0.000006430730700012759,0
1756767600,0.000006430730700012759,0.000006430730700012759,0.000006096600221924056,0.000006096600221924056,28857351.558791
1756771200,0.000006096600221924056,0.000006096600221924056,0.000006096600221924056,0.000006096600221924056,0
1756774800,0.000006096600221924056,0.000006096600221924056,0.000006096600221924056,0.000006096600221924056,0
1756778400,0.000006096600221924056,0.000006096600221924056,0.000006096600221924056,0.000006096600221924056,0
1756782000,0.000006096600221924056,0.000006096600221924056,0.000006096600221924056,0.000006096600221924056,0
1756785600,0.000006096600221924056,0.000006096600221924056,0.000006096600221924056,0.000006096600221924056,0
1756789200,0.000006096600221924056,0.000006096600221924056,0.000006096600221924056,0.000006096600221924056,0
1756792800,0.000006096600221924056,0.000006096600221924056,0.000006096600221924056,0.000006096600221924056,0
1756796400,0.000006096600221924056,0.000006096600221924056,0.000006096600221924056,0.000006096600221924056,0
1756800000,0.000006096600221924056,0.000006096600221924056,0.000006096600221924056,0.000006096600221924056,0
1756803600,0.000006096600221924056,0.000006096600221924056,0.000006096600221924056,0.000006096600221924056,0
1756807200,0.000006096600221924056,0.000006096600221924056,0.000006096600221924056,0.000006096600221924056,0
1756810800,0.000006096600221924056,0.000006096600221924056,0.000006096600221924056,0.000006096600221924056,0
1756814400,0.000006096600221924056,0.000006096600221924056,0.000006096600221924056,0.000006096600221924056,0
1756818000,0.000006096600221924056,0.000006096600221924056,0.000006096600221924056,0.000006096600221924056,0
1756821600,0.000006096600221924056,0.000006096600221924056,0.000006096600221924056,0.000006096600221924056,0
1756825200,0.000006096600221924056,0.000006096600221924056,0.000006096600221924056,0.000006096600221924056,0
1756828800,0.000006096600221924056,0.000006096600221924056,0.000006096600221924056,0.000006096600221924056,0
1756832400,0.000006096600221924056,0.000006106759886954505,0.000006027320405666542,0.000006027320405666542,2471518.106454
1756836000,0.000006027320405666542,0.000006027320405666542,0.000006027320405666542,0.000006027320405666542,0
1756839600,0.000006027320405666542,0.000006027320405666542,0.000006027320405666542,0.000006027320405666542,0
1756843200,0.000006027320405666542,0.000006027320405666542,0.000006027320405666542,0.000006027320405666542,0
1756846800,0.000006027320405666542,0.000006027320405666542,0.000006027320405666542,0.000006027320405666542,0
1756850400,0.000006027320405666542,0.000006027320405666542,0.000006027320405666542,0.000006027320405666542,0
1756854000,0.000006027320405666542,0.000006027320405666542,0.000006027320405666542,0.000006027320405666542,0
1756857600,0.000006027320405666542,0.0000071141531629248555,0.000006027320405666542,0.0000071141531629248555,63664900.251261994
1756861200,0.0000071141531629248555,0.0000071141531629248555,0.000006983698608518238,0.000006983698608518238,32107342.044306
1756864800,0.000006983698608518238,0.000006983698608518238,0.000006983698608518238,0.000006983698608518238,0
1756868400,0.000006983698608518238,0.000006983698608518238,0.000006983698608518238,0.000006983698608518238,0
1756872000,0.000006983698608518238,0.000006983698608518238,0.000006983698608518238,0.000006983698608518238,0
1756875600,0.000006983698608518238,0.000006983698608518238,0.000006983698608518238,0.000006983698608518238,0
1756879200,0.000006983698608518238,0.000006983698608518238,0.000006983698608518238,0.000006983698608518238,0
1756882800,0.000006983698608518238,0.000006983698608518238,0.000006983698608518238,0.000006983698608518238,0
1756886400,0.000006983698608518238,0.00000846830030040193,0.00000695744481372938,0.000008447048053715796,161485698.86905396
1756890000,0.000008447048053715796,0.000008447048053715796,0.000008447048053715796,0.000008447048053715796,0
1756893600,0.000008447048053715796,0.000010457464757881135,0.000008447048053715796,0.000009740176874843319,140794661.096715
1756897200,0.000009740176874843319,0.000009740176874843319,0.000008328155803744466,0.000008328155803744466,73818583.650963
1756900800,0.000008328155803744466,0.000046420003941326655,0.00000800357228556882,0.000013283585628879064,3644414244.7310205
1756904400,0.000013283585628879064,0.000013911634409376968,0.000011637785283177962,0.000013018250488868393,141075281.40240195
1756908000,0.000013018250488868393,0.000013018250488868393,0.000012707936455759156,0.000012890635470972317,9469738.975936
1756911600,0.000012890635470972317,0.000013751839639199838,0.000011319170185504692,0.000011961889606692166,179751259.009316
1756915200,0.000011961889606692166,0.000011961889606692166,0.000011309903932773883,0.000011309903932773883,42160085.83183099
1756918800,0.000011309903932773883,0.000014455220371594075,0.000010995800575138447,0.000014341909777337618,99180215.04798698
1756922400,0.000014341909777337618,0.000014341909777337618,0.000011733376686990569,0.000012296803219313481,151082739.155694
1756926000,0.000012296803219313481,0.000012296803219313481,0.000012029777894659032,0.000012164665533374568,7219145.051839001
1756929600,0.000012164665533374568,0.000012164665533374568,0.000010622070053756652,0.000010916785927648116,54906025.29077
1756933200,0.000010916785927648116,0.000010916785927648116,0.000010916785927648116,0.000010916785927648116,0
1756936800,0.000010916785927648116,0.000011427895360393497,0.000010916785927648116,0.000011427895360393497,21537804.896168
1756940400,0.000011427895360393497,0.000011427895360393497,0.000011427895360393497,0.000011427895360393497,0
1756944000,0.000011427895360393497,0.000011465040071878039,0.000011427895360393497,0.000011465040071878039,17229160.173289
1756947600,0.000011465040071878039,0.000012376671904071045,0.000011465040071878039,0.000012376671904071045,33230690.678962998
1756951200,0.000012376671904071045,0.000012376671904071045,0.000012376671904071045,0.000012376671904071045,0
1756954800,0.000012376671904071045,0.000012376671904071045,0.000011824685512142496,0.000011824685512142496,21537804.896168
1756958400,0.000011824685512142496,0.000011824685512142496,0.000011195821277238887,0.000011195821277238887,20826156.969929002
1756962000,0.000011195821277238887,0.000011753907180852653,0.000011195821277238887,0.000011753907180852653,22834470.577818
1756965600,0.000011753907180852653,0.000011753907180852653,0.000011464703285087545,0.00001166240719538483,15899884.614496
1756969200,0.00001166240719538483,0.00001298436715346635,0.00001166240719538483,0.000012929442943663057,41687621.643534996
1756972800,0.000012929442943663057,0.000012929442943663057,0.000012783233330725942,0.000012783233330725942,2035063.074214
1756976400,0.000012783233330725942,0.000012922487243078593,0.000012783233330725942,0.000012922487243078593,476016.591912
1756980000,0.000012922487243078593,0.000012922487243078593,0.000012922487243078593,0.000012922487243078593,0
1756983600,0.000012922487243078593,0.000012922487243078593,0.000011172455682164027,0.00001157727287501026,76705602.773475
1756987200,0.00001157727287501026,0.00001157727287501026,0.000010985115267285668,0.000010985115267285668,31594464.685374
1756990800,0.000010985115267285668,0.000010985115267285668,0.000010791045491099559,0.000010791045491099559,11405818.053621
1756994400,0.000010791045491099559,0.000010791045491099559,0.000010345628057034197,0.000010345628057034197,7058812.153659
1756998000,0.000010345628057034197,0.000010345628057034197,0.000010345628057034197,0.000010345628057034197,0
1757001600,0.000010345628057034197,0.000013558255350442698,0.000010051058973786365,0.000013135697668790451,102601760.916594
1757005200,0.000013135697668790451,0.000013135697668790451,0.000012343715432822443,0.000012343715432822443,23892138.75309
1757008800,0.000012343715432822443,0.000012343715432822443,0.000011280295338241544,0.000011658661269727306,44613490.008149
1757012400,0.000011658661269727306,0.000011658661269727306,0.000011658661269727306,0.000011658661269727306,0
1757016000,0.000011658661269727306,0.000011910930743634167,0.000011658661269727306,0.000011910930743634167,4590081.905499
1757019600,0.000011910930743634167,0.000012067997096744268,0.0000114415865934412,0.0000114415865934412,37566074.87436
1757023200,0.0000114415865934412,0.0000114415865934412,0.0000114415865934412,0.0000114415865934412,0
1757026800,0.0000114415865934412,0.0000114415865934412,0.0000114415865934412,0.0000114415865934412,0
1757030400,0.0000114415865934412,0.0000114415865934412,0.000011267897267488742,0.000011267897267488742,593149.760457
1757034000,0.000011267897267488742,0.000011267897267488742,0.000011267897267488742,0.000011267897267488742,0
1757037600,0.000011267897267488742,0.000011334472236497482,0.000011267897267488742,0.000011312629109986286,1055573.298674
1757041200,0.000011312629109986286,0.000011312629109986286,0.000011312629109986286,0.000011312629109986286,0
1757044800,0.000011312629109986286,0.000011312629109986286,0.000011312629109986286,0.000011312629109986286,0
1757048400,0.000011312629109986286,0.000011312629109986286,0.000010820839340621379,0.000010820839340621379,29799717.439268
1757052000,0.000010820839340621379,0.000011123549537505121,0.00001072430064752645,0.000011123549537505121,22467849.418544002
1757055600,0.000011123549537505121,0.000011123549537505121,0.000010719940426646562,0.000010719940426646562,22467849.418544
1757059200,0.000010719940426646562,0.000010719940426646562,0.000010719940426646562,0.000010719940426646562,0
1757062800,0.000010719940426646562,0.000010719940426646562,0.000010719940426646562,0.000010719940426646562,0
1757066400,0.000010719940426646562,0.000010719940426646562,0.000010337920092257834,0.000010337920092257834,2402874.106788
1757070000,0.000010337920092257834,0.000010629688252752224,0.000010239716960240476,0.000010629688252752224,23252189.668498997
1757073600,0.000010629688252752224,0.000010629688252752224,0.000010629688252752224,0.000010629688252752224,0
1757077200,0.000010629688252752224,0.000010629688252752224,0.000010629688252752224,0.000010629688252752224,0
1757080800,0.000010629688252752224,0.000010629688252752224,0.000010629688252752224,0.000010629688252752224,0
1757084400,0.000010629688252752224,0.000010629688252752224,0.000010629688252752224,0.000010629688252752224,0
1757088000,0.000010629688252752224,0.000010629688252752224,0.000010629688252752224,0.000010629688252752224,0
1757091600,0.000010629688252752224,0.000010839599869894154,0.000010629688252752224,0.000010839599869894154,1752162.155158
1757095200,0.000010839599869894154,0.000010839599869894154,0.000010839599869894154,0.000010839599869894154,0
1757098800,0.000010839599869894154,0.00001106169007569272,0.000010839599869894154,0.00001106169007569272,4780786.060385
1757102400,0.00001106169007569272,0.00001106169007569272,0.00001106169007569272,0.00001106169007569272,0
1757106000,0.00001106169007569272,0.00001106169007569272,0.00001106169007569272,0.00001106169007569272,0
1757109600,0.00001106169007569272,0.00001106169007569272,0.00001106169007569272,0.00001106169007569272,0
1757113200,0.00001106169007569272,0.00001111119180122435,0.000010981754650647941,0.000010981754650647941,2712398.785905
1757116800,0.000010981754650647941,0.000010981754650647941,0.000010786718989918871,0.000010815919387793035,12513207.255845001
1757120400,0.000010815919387793035,0.000010815919387793035,0.000010815919387793035,0.000010815919387793035,0
1757124000,0.000010815919387793035,0.000010815919387793035,0.000009932116123894803,0.000009932116123894803,24017118.124365
1757127600,0.000009932116123894803,0.000009932116123894803,0.000009932116123894803,0.000009932116123894803,0
1757131200,0.000009932116123894803,0.000009932116123894803,0.000009932116123894803,0.000009932116123894803,0
1757134800,0.000009932116123894803,0.000009932116123894803,0.000009901300314247619,0.000009901300314247619,303505.265148
1757138400,0.000009901300314247619,0.000009901300314247619,0.000009901300314247619,0.000009901300314247619,0
1757142000,0.000009901300314247619,0.000009901300314247619,0.000009846096644867712,0.000009846096644867712,3119646.472233
1757145600,0.000009846096644867712,0.000009846096644867712,0.000009846096644867712,0.000009846096644867712,0
1757149200,0.000009846096644867712,0.000009846096644867712,0.000009846096644867712,0.000009846096644867712,0
1757152800,0.000009846096644867712,0.000009846096644867712,0.000009846096644867712,0.000009846096644867712,0
1757156400,0.000009846096644867712,0.000009846096644867712,0.000009846096644867712,0.000009846096644867712,0
1757160000,0.000009846096644867712,0.000009846096644867712,0.000009846096644867712,0.000009846096644867712,0
1757163600,0.000009846096644867712,0.000009846096644867712,0.000009846096644867712,0.000009846096644867712,0
1757167200,0.000009846096644867712,0.000009846096644867712,0.000009846096644867712,0.000009846096644867712,0
1757170800,0.000009846096644867712,0.000010717456714346717,0.000009846096644867712,0.000010509762890135152,52671509.437299
1757174400,0.000010509762890135152,0.000010509762890135152,0.000010509762890135152,0.000010509762890135152,0
1757178000,0.000010509762890135152,0.000010509762890135152,0.000010509762890135152,0.000010509762890135152,0
1757181600,0.000010509762890135152,0.000010509762890135152,0.000010509762890135152,0.000010509762890135152,0
1757185200,0.000010509762890135152,0.000010509762890135152,0.000010509762890135152,0.000010509762890135152,0
1757188800,0.000010509762890135152,0.000010509762890135152,0.000010509762890135152,0.000010509762890135152,0
1757192400,0.000010509762890135152,0.000010509762890135152,0.000010509762890135152,0.000010509762890135152,0
1757196000,0.000010509762890135152,0.000010509762890135152,0.000010509762890135152,0.000010509762890135152,0
1757199600,0.000010509762890135152,0.000010509762890135152,0.000010509762890135152,0.000010509762890135152,0
1757203200,0.000010509762890135152,0.000010509762890135152,0.000010289785545345283,0.000010289785545345283,1926696.136885
1757206800,0.000010289785545345283,0.000010289785545345283,0.000010289785545345283,0.000010289785545345283,0
1757210400,0.000010289785545345283,0.000010289785545345283,0.000010289785545345283,0.000010289785545345283,0
1757214000,0.000010289785545345283,0.000010289785545345283,0.000010289785545345283,0.000010289785545345283,0
1757217600,0.000010289785545345283,0.000010289785545345283,0.000010289785545345283,0.000010289785545345283,0
1757221200,0.000010289785545345283,0.000010289785545345283,0.000010289785545345283,0.000010289785545345283,0
1757224800,0.000010289785545345283,0.000010289785545345283,0.000010289785545345283,0.000010289785545345283,0
1757228400,0.000010289785545345283,0.000010289785545345283,0.000010289785545345283,0.000010289785545345283,0
1757232000,0.000010289785545345283,0.000010289785545345283,0.00001026808048548887,0.00001026808048548887,2907071.681375
1757235600,0.00001026808048548887,0.00001026808048548887,0.00001026808048548887,0.00001026808048548887,0
1757239200,0.00001026808048548887,0.00001026808048548887,0.00001026808048548887,0.00001026808048548887,0
1757242800,0.00001026808048548887,0.00001026808048548887,0.00001026808048548887,0.00001026808048548887,0
1757246400,0.00001026808048548887,0.00001026808048548887,0.000010127974294102857,0.000010127974294102857,6419327.727318
1757250000,0.000010127974294102857,0.000010127974294102857,0.000010028093610014434,0.000010028093610014434,278169.552428
1757253600,0.000010028093610014434,0.000010028093610014434,0.000010028093610014434,0.000010028093610014434,0
1757257200,0.000010028093610014434,0.000010028093610014434,0.000010028093610014434,0.000010028093610014434,0
1757260800,0.000010028093610014434,0.000010028093610014434,0.000010028093610014434,0.000010028093610014434,0
1757264400,0.000010028093610014434,0.000010028093610014434,0.000010028093610014434,0.000010028093610014434,0
1757268000,0.000010028093610014434,0.000010028093610014434,0.000010028093610014434,0.000010028093610014434,0
1757271600,0.000010028093610014434,0.000010114713402010433,0.000010028093610014434,0.000010114713402010433,1936537.63421
1757275200,0.000010114713402010433,0.000010114713402010433,0.000010114713402010433,0.000010114713402010433,0
1757278800,0.000010114713402010433,0.000010114713402010433,0.000010114713402010433,0.000010114713402010433,0
1757282400,0.000010114713402010433,0.000010114713402010433,0.000010114713402010433,0.000010114713402010433,0
1757286000,0.000010114713402010433,0.000010114713402010433,0.000010114713402010433,0.000010114713402010433,0
1757289600,0.000010114713402010433,0.000010114713402010433,0.000010114713402010433,0.000010114713402010433,0
1757293200,0.000010114713402010433,0.000010114713402010433,0.000010114713402010433,0.000010114713402010433,0
1757296800,0.000010114713402010433,0.000010114713402010433,0.000010114713402010433,0.000010114713402010433,0
1757300400,0.000010114713402010433,0.000010114713402010433,0.000010114713402010433,0.000010114713402010433,0
1757304000,0.000010114713402010433,0.000010114713402010433,0.000010114713402010433,0.000010114713402010433,0
1757307600,0.000010114713402010433,0.000010114713402010433,0.000010114713402010433,0.000010114713402010433,0
1757311200,0.000010114713402010433,0.000010114713402010433,0.000010114713402010433,0.000010114713402010433,0
1757314800,0.000010114713402010433,0.000010114713402010433,0.000010114713402010433,0.000010114713402010433,0
1757318400,0.000010114713402010433,0.000010114713402010433,0.000010114713402010433,0.000010114713402010433,0
1757322000,0.000010114713402010433,0.000010114713402010433,0.000010114713402010433,0.000010114713402010433,0
1757325600,0.000010114713402010433,0.000010114713402010433,0.000010114713402010433,0.000010114713402010433,0
1757329200,0.000010114713402010433,0.000010114713402010433,0.000010114713402010433,0.000010114713402010433,0
1757332800,0.000010114713402010433,0.000010114713402010433,0.000010114713402010433,0.000010114713402010433,0
1757336400,0.000010114713402010433,0.000010614977508845346,0.000010114713402010433,0.000010614977508845346,563889.757169
1757340000,0.000010614977508845346,0.000010614977508845346,0.000010602323622401276,0.000010602323622401276,1750409.993003
1757343600,0.000010602323622401276,0.000010602323622401276,0.000010602323622401276,0.000010602323622401276,0
1757347200,0.000010602323622401276,0.000010602323622401276,0.000010602323622401276,0.000010602323622401276,0
1757350800,0.000010602323622401276,0.000010637917906330834,0.000010602323622401276,0.000010637917906330834,282199.919841
1757354400,0.000010637917906330834,0.000010637917906330834,0.000010637917906330834,0.000010637917906330834,0
1757358000,0.000010637917906330834,0.000010637917906330834,0.000010637917906330834,0.000010637917906330834,0
1757361600,0.000010637917906330834,0.000010637917906330834,0.000010512792661993621,0.000010512792661993621,1920077.064321
1757365200,0.000010512792661993621,0.000010512792661993621,0.000010512792661993621,0.000010512792661993621,0
1757368800,0.000010512792661993621,0.000010617861685581168,0.000010512792661993621,0.000010617861685581168,182862.497752
1757372400,0.000010617861685581168,0.000010675885267527787,0.000010561622884170494,0.000010561622884170494,2389809.8728540004
1757376000,0.000010561622884170494,0.000010561622884170494,0.000010561622884170494,0.000010561622884170494,0
1757379600,0.000010561622884170494,0.000010561622884170494,0.000010561622884170494,0.000010561622884170494,0
1757383200,0.000010561622884170494,0.000010561622884170494,0.000010430056876029472,0.000010430056876029472,85061.988358
1757386800,0.000010430056876029472,0.000010430056876029472,0.000010430056876029472,0.000010430056876029472,0
1757390400,0.000010430056876029472,0.000010430056876029472,0.000010430056876029472,0.000010430056876029472,0
1757394000,0.000010430056876029472,0.000010430056876029472,0.000010430056876029472,0.000010430056876029472,0
1757397600,0.000010430056876029472,0.000010430056876029472,0.000010430056876029472,0.000010430056876029472,0
1757401200,0.000010430056876029472,0.000010430056876029472,0.000010430056876029472,0.000010430056876029472,0
1757404800,0.000010430056876029472,0.000010430056876029472,0.000010430056876029472,0.000010430056876029472,0
1757408400,0.000010430056876029472,0.000010430056876029472,0.000010430056876029472,0.000010430056876029472,0
1757412000,0.000010430056876029472,0.000010430056876029472,0.000010430056876029472,0.000010430056876029472,0
1757415600,0.000010430056876029472,0.000010430056876029472,0.000010430056876029472,0.000010430056876029472,0
1757419200,0.000010430056876029472,0.000011692682284701465,0.000010430056876029472,0.000011692682284701465,30231147.555834003
1757422800,0.000011692682284701465,0.000012716053305966925,0.000011692682284701465,0.000012716053305966925,19033177.990105
1757426400,0.000012716053305966925,0.000012716053305966925,0.000011695136569656331,0.000011695136569656331,34750450.012909
1757430000,0.000011695136569656331,0.000011695136569656331,0.000010251323016483943,0.000010251323016483943,28350900.548827
1757433600,0.000010251323016483943,0.000010251323016483943,0.000010251323016483943,0.000010251323016483943,0
1757437200,0.000010251323016483943,0.000010251323016483943,0.000010251323016483943,0.000010251323016483943,0
1757440800,0.000010251323016483943,0.000010251323016483943,0.000010251323016483943,0.000010251323016483943,0
1757444400,0.000010251323016483943,0.000010251323016483943,0.000010251323016483943,0.000010251323016483943,0
1757448000,0.000010251323016483943,0.000010251323016483943,0.000010251323016483943,0.000010251323016483943,0
1757451600,0.000010251323016483943,0.000010251323016483943,0.000010251323016483943,0.000010251323016483943,0
1757455200,0.000010251323016483943,0.000010251323016483943,0.000010251323016483943,0.000010251323016483943,0
1757458800,0.000010251323016483943,0.000010251323016483943,0.000010251323016483943,0.000010251323016483943,0
1757462400,0.000010251323016483943,0.000010251323016483943,0.000010251323016483943,0.000010251323016483943,0
1757466000,0.000010251323016483943,0.000010251323016483943,0.000010251323016483943,0.000010251323016483943,0
1757469600,0.000010251323016483943,0.000010251323016483943,0.000010251323016483943,0.000010251323016483943,0
1757473200,0.000010251323016483943,0.000010262037813589073,0.000010251323016483943,0.000010262037813589073,2303372.533632
1757476800,0.000010262037813589073,0.000010262037813589073,0.000010176798044635687,0.000010176798044635687,1565910.486902
1757480400,0.000010176798044635687,0.000010176798044635687,0.000010176798044635687,0.000010176798044635687,0
1757484000,0.000010176798044635687,0.000010176798044635687,0.000010176798044635687,0.000010176798044635687,0
1757487600,0.000010176798044635687,0.000010176798044635687,0.000010176798044635687,0.000010176798044635687,0
1757491200,0.000010176798044635687,0.000010176798044635687,0.000010176798044635687,0.000010176798044635687,0
1757494800,0.000010176798044635687,0.000010176798044635687,0.000010176798044635687,0.000010176798044635687,0
1757498400,0.000010176798044635687,0.000010176798044635687,0.000010032779806423963,0.000010032779806423963,10427893.6486
1757502000,0.000010032779806423963,0.000010032779806423963,0.000010032779806423963,0.000010032779806423963,0
1757505600,0.000010032779806423963,0.000010032779806423963,0.000010032779806423963,0.000010032779806423963,0
1757509200,0.000010032779806423963,0.000010032779806423963,0.000010032779806423963,0.000010032779806423963,0
1757512800,0.000010032779806423963,0.000010032779806423963,0.000010032779806423963,0.000010032779806423963,0
1757516400,0.000010032779806423963,0.000010032779806423963,0.000010032779806423963,0.000010032779806423963,0
1757520000,0.000010032779806423963,0.000010032779806423963,0.000010032779806423963,0.000010032779806423963,0
1757523600,0.000010032779806423963,0.0000100546741883792,0.000010032779806423963,0.0000100546741883792,1926696.136885
1757527200,0.0000100546741883792,0.0000100546741883792,0.0000100546741883792,0.0000100546741883792,0
1757530800,0.0000100546741883792,0.0000100546741883792,0.0000100546741883792,0.0000100546741883792,0
1757534400,0.0000100546741883792,0.0000100546741883792,0.0000100546741883792,0.0000100546741883792,0
1757538000,0.0000100546741883792,0.0000100546741883792,0.0000100546741883792,0.0000100546741883792,0
1757541600,0.0000100546741883792,0.0000100546741883792,0.000009844927724439746,0.000009844927724439746,13621693.738341
1757545200,0.000009844927724439746,0.000009844927724439746,0.000009844927724439746,0.000009844927724439746,0
1757548800,0.000009844927724439746,0.000009844927724439746,0.000009844927724439746,0.000009844927724439746,0
1757552400,0.000009844927724439746,0.000009844927724439746,0.000009844927724439746,0.000009844927724439746,0
1757556000,0.000009844927724439746,0.000009844927724439746,0.000009844927724439746,0.000009844927724439746,0
1757559600,0.000009844927724439746,0.000009844927724439746,0.000009844927724439746,0.000009844927724439746,0
1757563200,0.000009844927724439746,0.000009844927724439746,0.000009844927724439746,0.000009844927724439746,0
1757566800,0.000009844927724439746,0.000009844927724439746,0.000009844927724439746,0.000009844927724439746,0
1757570400,0.000009844927724439746,0.000009844927724439746,0.000009844927724439746,0.000009844927724439746,0
1757574000,0.000009844927724439746,0.000009844927724439746,0.000009844927724439746,0.000009844927724439746,0
1757577600,0.000009844927724439746,0.000009844927724439746,0.000009844927724439746,0.000009844927724439746,0
1757581200,0.000009844927724439746,0.000009844927724439746,0.000009844927724439746,0.000009844927724439746,0
1757584800,0.000009844927724439746,0.000009844927724439746,0.000009844927724439746,0.000009844927724439746,0
1757588400,0.000009844927724439746,0.000009844927724439746,0.000009844927724439746,0.000009844927724439746,0
1757592000,0.000009844927724439746,0.000009844927724439746,0.000009844927724439746,0.000009844927724439746,0
1757595600,0.000009844927724439746,0.000009844927724439746,0.000009844927724439746,0.000009844927724439746,0
1757599200,0.000009844927724439746,0.000009844927724439746,0.000009641981338738774,0.000009641981338738774,8372384.811221
1757602800,0.000009641981338738774,0.000009641981338738774,0.000009641981338738774,0.000009641981338738774,0
1757606400,0.000009641981338738774,0.000009641981338738774,0.000009641981338738774,0.000009641981338738774,0
1757610000,0.000009641981338738774,0.000009641981338738774,0.000009641981338738774,0.000009641981338738774,0
1757613600,0.000009641981338738774,0.000009641981338738774,0.000009641981338738774,0.000009641981338738774,0
1757617200,0.000009641981338738774,0.000009641981338738774,0.000009641981338738774,0.000009641981338738774,0
1757620800,0.000009641981338738774,0.000009641981338738774,0.000008141867778751548,0.000008141867778751548,70757080.581425
1757624400,0.000008141867778751548,0.000008141867778751548,0.000008141867778751548,0.000008141867778751548,0
1757628000,0.000008141867778751548,0.000008141867778751548,0.000008141867778751548,0.000008141867778751548,0
1757631600,0.000008141867778751548,0.000008141867778751548,0.000008141867778751548,0.000008141867778751548,0
1757635200,0.000008141867778751548,0.000008141867778751548,0.000008141867778751548,0.000008141867778751548,0
1757638800,0.000008141867778751548,0.000008141867778751548,0.000008141867778751548,0.000008141867778751548,0
1757642400,0.000008141867778751548,0.000008141867778751548,0.000008141867778751548,0.000008141867778751548,0
1757646000,0.000008141867778751548,0.000008141867778751548,0.000008141867778751548,0.000008141867778751548,0
1757649600,0.000008141867778751548,0.000008141867778751548,0.000008141867778751548,0.000008141867778751548,0
1757653200,0.000008141867778751548,0.000008141867778751548,0.000008141867778751548,0.000008141867778751548,0
1757656800,0.000008141867778751548,0.000008216889280668239,0.000008141867778751548,0.000008216889280668239,282597.809262
1757660400,0.000008216889280668239,0.000008384099118885091,0.000008216889280668239,0.000008384099118885091,2296221.582547
1757664000,0.000008384099118885091,0.000008384099118885091,0.000008384099118885091,0.000008384099118885091,0
1757667600,0.000008384099118885091,0.000008384099118885091,0.000008384099118885091,0.000008384099118885091,0
1757671200,0.000008384099118885091,0.000008384099118885091,0.000008384099118885091,0.000008384099118885091,0
1757674800,0.000008384099118885091,0.000008384099118885091,0.000008384099118885091,0.000008384099118885091,0
1757678400,0.000008384099118885091,0.000008425016851219716,0.000008291237052592307,0.000008315964010535314,7194608.113154
1757682000,0.000008315964010535314,0.000008315964010535314,0.000008250176595491638,0.000008250176595491638,7454746.32636
1757685600,0.000008250176595491638,0.000008250176595491638,0.000008250176595491638,0.000008250176595491638,0
1757689200,0.000008250176595491638,0.000008250176595491638,0.000008250176595491638,0.000008250176595491638,0
1757692800,0.000008250176595491638,0.000008563621647588836,0.000008250176595491638,0.000008563621647588836,27343097.969527
1757696400,0.000008563621647588836,0.000008563621647588836,0.000008563621647588836,0.000008563621647588836,0
1757700000,0.000008563621647588836,0.000008563621647588836,0.000008563621647588836,0.000008563621647588836,0
1757703600,0.000008563621647588836,0.000008563621647588836,0.000008563621647588836,0.000008563621647588836,0
1757707200,0.000008563621647588836,0.000008563621647588836,0.000008563621647588836,0.000008563621647588836,0
1757710800,0.000008563621647588836,0.000008563621647588836,0.000008563621647588836,0.000008563621647588836,0
1757714400,0.000008563621647588836,0.000008563621647588836,0.000008563621647588836,0.000008563621647588836,0
1757718000,0.000008563621647588836,0.000008563621647588836,0.000008563621647588836,0.000008563621647588836,0
1757721600,0.000008563621647588836,0.000008626252078356126,0.000008563621647588836,0.000008626252078356126,27343097.969527
1757725200,0.000008626252078356126,0.000008626252078356126,0.000008626252078356126,0.000008626252078356126,0
1757728800,0.000008626252078356126,0.000008626252078356126,0.000008626252078356126,0.000008626252078356126,0
1757732400,0.000008626252078356126,0.000008626252078356126,0.000008626252078356126,0.000008626252078356126,0
1757736000,0.000008626252078356126,0.000008626252078356126,0.000008626252078356126,0.000008626252078356126,0
1757739600,0.000008626252078356126,0.000008626252078356126,0.000008626252078356126,0.000008626252078356126,0
1757743200,0.000008626252078356126,0.000008626252078356126,0.000008626252078356126,0.000008626252078356126,0
1757746800,0.000008626252078356126,0.000008626252078356126,0.000008626252078356126,0.000008626252078356126,0
1757750400,0.000008626252078356126,0.000008626252078356126,0.000008626252078356126,0.000008626252078356126,0
1757754000,0.000008626252078356126,0.000008626252078356126,0.000008626252078356126,0.000008626252078356126,0
1757757600,0.000008626252078356126,0.000008626252078356126,0.000008626252078356126,0.000008626252078356126,0
1757761200,0.000008626252078356126,0.000008626252078356126,0.000008626252078356126,0.000008626252078356126,0
1757764800,0.000008626252078356126,0.000008626252078356126,0.000008626252078356126,0.000008626252078356126,0
1757768400,0.000008626252078356126,0.000008626252078356126,0.000008626252078356126,0.000008626252078356126,0
1757772000,0.000008626252078356126,0.000008626252078356126,0.000008626252078356126,0.000008626252078356126,0
1757775600,0.000008626252078356126,0.000008626252078356126,0.000008626252078356126,0.000008626252078356126,0
1757779200,0.000008626252078356126,0.000008626252078356126,0.000008135865288947836,0.000008135865288947836,936856.41727
1757782800,0.000008135865288947836,0.000008135865288947836,0.000008135865288947836,0.000008135865288947836,0
1757786400,0.000008135865288947836,0.000008135865288947836,0.000008091902748447245,0.000008091902748447245,1483759.450609
1757790000,0.000008091902748447245,0.000008091902748447245,0.000008091902748447245,0.000008091902748447245,0
1757793600,0.000008091902748447245,0.000008091902748447245,0.000008091902748447245,0.000008091902748447245,0
1757797200,0.000008091902748447245,0.000008091902748447245,0.000008091902748447245,0.000008091902748447245,0
1757800800,0.000008091902748447245,0.000008091902748447245,0.000008091902748447245,0.000008091902748447245,0
1757804400,0.000008091902748447245,0.000008091902748447245,0.000008091902748447245,0.000008091902748447245,0
1757808000,0.000008091902748447245,0.000008091902748447245,0.000008091902748447245,0.000008091902748447245,0
1757811600,0.000008091902748447245,0.000008091902748447245,0.000008091902748447245,0.000008091902748447245,0
1757815200,0.000008091902748447245,0.000008091902748447245,0.000008091902748447245,0.000008091902748447245,0
1757818800,0.000008091902748447245,0.000008091902748447245,0.000008091902748447245,0.000008091902748447245,0
1757822400,0.000008091902748447245,0.000008091902748447245,0.000008091902748447245,0.000008091902748447245,0
1757826000,0.000008091902748447245,0.000008091902748447245,0.000008091902748447245,0.000008091902748447245,0
1757829600,0.000008091902748447245,0.000008091902748447245,0.000008091902748447245,0.000008091902748447245,0
1757833200,0.000008091902748447245,0.000008091902748447245,0.000008091902748447245,0.000008091902748447245,0
1757836800,0.000008091902748447245,0.000008091902748447245,0.000008091902748447245,0.000008091902748447245,0
1757840400,0.000008091902748447245,0.000008393043192764062,0.000008091902748447245,0.000008393043192764062,977006.144604
1757844000,0.000008393043192764062,0.000008393043192764062,0.000008393043192764062,0.000008393043192764062,0
1757847600,0.000008393043192764062,0.000008393043192764062,0.000008327817150390805,0.000008327817150390805,1138520.277726
1757851200,0.000008327817150390805,0.000008327817150390805,0.000008327817150390805,0.000008327817150390805,0
1757854800,0.000008327817150390805,0.000008327817150390805,0.000008327817150390805,0.000008327817150390805,0
1757858400,0.000008327817150390805,0.000008327817150390805,0.000008327817150390805,0.000008327817150390805,0
1757862000,0.000008327817150390805,0.000008327817150390805,0.000008327817150390805,0.000008327817150390805,0
1757865600,0.000008327817150390805,0.000008327817150390805,0.000008327817150390805,0.000008327817150390805,0
1757869200,0.000008327817150390805,0.000008493033855895651,0.000008327817150390805,0.000008493033855895651,1221231.338333
1757872800,0.000008493033855895651,0.000008493033855895651,0.000008373914140020488,0.000008373914140020488,1221231.338333
1757876400,0.000008373914140020488,0.000008383845743839968,0.000008279670227291182,0.000008279670227291182,5321292.816704
1757880000,0.000008279670227291182,0.000008279670227291182,0.000008279670227291182,0.000008279670227291182,0
1757883600,0.000008279670227291182,0.000008279670227291182,0.000008279670227291182,0.000008279670227291182,0
1757887200,0.000008279670227291182,0.000008279670227291182,0.000008279670227291182,0.000008279670227291182,0
1757890800,0.000008279670227291182,0.000008279670227291182,0.000008279670227291182,0.000008279670227291182,0
1757894400,0.000008279670227291182,0.000008279670227291182,0.000008279670227291182,0.000008279670227291182,0
1757898000,0.000008279670227291182,0.000008279670227291182,0.000008279670227291182,0.000008279670227291182,0
1757901600,0.000008279670227291182,0.000008279670227291182,0.000008279670227291182,0.000008279670227291182,0
1757905200,0.000008279670227291182,0.000008279670227291182,0.000008279670227291182,0.000008279670227291182,0
1757908800,0.000008279670227291182,0.000008279670227291182,0.000008279670227291182,0.000008279670227291182,0
1757912400,0.000008279670227291182,0.000008279670227291182,0.000008279670227291182,0.000008279670227291182,0
1757916000,0.000008279670227291182,0.000008279670227291182,0.000008279670227291182,0.000008279670227291182,0
1757919600,0.000008279670227291182,0.000008279670227291182,0.000008118713859632857,0.000008118713859632857,372988.270427
1757923200,0.000008118713859632857,0.000008118713859632857,0.000008118713859632857,0.000008118713859632857,0
1757926800,0.000008118713859632857,0.000008118713859632857,0.000008118713859632857,0.000008118713859632857,0
1757930400,0.000008118713859632857,0.000008118713859632857,0.000008118713859632857,0.000008118713859632857,0
1757934000,0.000008118713859632857,0.000008118713859632857,0.000008118713859632857,0.000008118713859632857,0
1757937600,0.000008118713859632857,0.000008118713859632857,0.000008118713859632857,0.000008118713859632857,0
1757941200,0.000008118713859632857,0.000008118713859632857,0.000008118713859632857,0.000008118713859632857,0
1757944800,0.000008118713859632857,0.000008118713859632857,0.000008118713859632857,0.000008118713859632857,0
1757948400,0.000008118713859632857,0.000008118713859632857,0.000008118713859632857,0.000008118713859632857,0
1757952000,0.000008118713859632857,0.000008118713859632857,0.000008118713859632857,0.000008118713859632857,0
1757955600,0.000008118713859632857,0.000008118713859632857,0.000008118713859632857,0.000008118713859632857,0
1757959200,0.000008118713859632857,0.000008118713859632857,0.000008118713859632857,0.000008118713859632857,0
1757962800,0.000008118713859632857,0.000008118713859632857,0.000008118713859632857,0.000008118713859632857,0
1757966400,0.000008118713859632857,0.000008118713859632857,0.000008118713859632857,0.000008118713859632857,0
1757970000,0.000008118713859632857,0.000008118713859632857,0.000008118713859632857,0.000008118713859632857,0
1757973600,0.000008118713859632857,0.000008118713859632857,0.000008118713859632857,0.000008118713859632857,0
1757977200,0.000008118713859632857,0.000008118713859632857,0.000008118713859632857,0.000008118713859632857,0
1757980800,0.000008118713859632857,0.000008118713859632857,0.000008118713859632857,0.000008118713859632857,0
1757984400,0.000008118713859632857,0.000008118713859632857,0.000008118713859632857,0.000008118713859632857,0
1757988000,0.000008118713859632857,0.000008118713859632857,0.000008118713859632857,0.000008118713859632857,0
1757991600,0.000008118713859632857,0.000008118713859632857,0.000008118713859632857,0.000008118713859632857,0
1757995200,0.000008118713859632857,0.000008118713859632857,0.000007911494801255865,0.000007911494801255865,22200.0222
1757998800,0.000007911494801255865,0.000007911494801255865,0.000007911494801255865,0.000007911494801255865,0
1758002400,0.000007911494801255865,0.000007911494801255865,0.000007911494801255865,0.000007911494801255865,0
1758006000,0.000007911494801255865,0.000007911494801255865,0.000007911494801255865,0.000007911494801255865,0
1758009600,0.000007911494801255865,0.000007911494801255865,0.000007911494801255865,0.000007911494801255865,0
1758013200,0.000007911494801255865,0.000007911494801255865,0.000007911494801255865,0.000007911494801255865,0
1758016800,0.000007911494801255865,0.000007911494801255865,0.000007911494801255865,0.000007911494801255865,0
1758020400,0.000007911494801255865,0.000007911494801255865,0.000007911494801255865,0.000007911494801255865,0
1758024000,0.000007911494801255865,0.000007911494801255865,0.000007911494801255865,0.000007911494801255865,0
1758027600,0.000007911494801255865,0.000007911494801255865,0.000007911494801255865,0.000007911494801255865,0
1758031200,0.000007911494801255865,0.000007911494801255865,0.000007911494801255865,0.000007911494801255865,0
1758034800,0.000007911494801255865,0.000007911494801255865,0.000007911494801255865,0.000007911494801255865,0
1758038400,0.000007911494801255865,0.000007911494801255865,0.000007911494801255865,0.000007911494801255865,0
1758042000,0.000007911494801255865,0.000007911494801255865,0.000007911494801255865,0.000007911494801255865,0
1758045600,0.000007911494801255865,0.000007911494801255865,0.000007911494801255865,0.000007911494801255865,0
1758049200,0.000007911494801255865,0.000007911494801255865,0.000007911494801255865,0.000007911494801255865,0
1758052800,0.000007911494801255865,0.000007911494801255865,0.000007911494801255865,0.000007911494801255865,0
1758056400,0.000007911494801255865,0.000007911494801255865,0.000007911494801255865,0.000007911494801255865,0
1758060000,0.000007911494801255865,0.000007911494801255865,0.000007911494801255865,0.000007911494801255865,0
1758063600,0.000007911494801255865,0.000007911494801255865,0.000007911494801255865,0.000007911494801255865,0
1758067200,0.000007911494801255865,0.000007911494801255865,0.000007911494801255865,0.000007911494801255865,0
1758070800,0.000007911494801255865,0.000007911494801255865,0.000007911494801255865,0.000007911494801255865,0
1758074400,0.000007911494801255865,0.000007911494801255865,0.000007911494801255865,0.000007911494801255865,0
1758078000,0.000007911494801255865,0.000007911494801255865,0.000007911494801255865,0.000007911494801255865,0
1758081600,0.000007911494801255865,0.000007911494801255865,0.000007911494801255865,0.000007911494801255865,0
1758085200,0.000007911494801255865,0.000007911494801255865,0.000007911494801255865,0.000007911494801255865,0
1758088800,0.000007911494801255865,0.000007911494801255865,0.000007911494801255865,0.000007911494801255865,0
1758092400,0.000007911494801255865,0.000007911494801255865,0.000007911494801255865,0.000007911494801255865,0
1758096000,0.000007911494801255865,0.000007911494801255865,0.000007911494801255865,0.000007911494801255865,0
1758099600,0.000007911494801255865,0.000007911494801255865,0.000007911494801255865,0.000007911494801255865,0
1758103200,0.000007911494801255865,0.000007911494801255865,0.000007911494801255865,0.000007911494801255865,0
1758106800,0.000007911494801255865,0.000007911494801255865,0.000007911494801255865,0.000007911494801255865,0
1758110400,0.000007911494801255865,0.000007911494801255865,0.000007911494801255865,0.000007911494801255865,0
1758114000,0.000007911494801255865,0.000007911494801255865,0.000007911494801255865,0.000007911494801255865,0
1758117600,0.000007911494801255865,0.000007911494801255865,0.000007911494801255865,0.000007911494801255865,0
1758121200,0.000007911494801255865,0.000007925699068437855,0.000007911494801255865,0.000007925699068437855,20984.11952
1758124800,0.000007925699068437855,0.000007925699068437855,0.000007925699068437855,0.000007925699068437855,0
1758128400,0.000007925699068437855,0.000007925699068437855,0.000007925699068437855,0.000007925699068437855,0
1758132000,0.000007925699068437855,0.000007925699068437855,0.000007925699068437855,0.000007925699068437855,0
1758135600,0.000007925699068437855,0.000007925699068437855,0.000007925699068437855,0.000007925699068437855,0
1758139200,0.000007925699068437855,0.000007925699068437855,0.000007925699068437855,0.000007925699068437855,0
1758142800,0.000007925699068437855,0.000007925699068437855,0.000007925699068437855,0.000007925699068437855,0
1758146400,0.000007925699068437855,0.000007925699068437855,0.000007925699068437855,0.000007925699068437855,0
1758150000,0.000007925699068437855,0.000007925699068437855,0.000007925699068437855,0.000007925699068437855,0
1758153600,0.000007925699068437855,0.000007925699068437855,0.000007925699068437855,0.000007925699068437855,0
1758157200,0.000007925699068437855,0.000007925699068437855,0.000007925699068437855,0.000007925699068437855,0
1758160800,0.000007925699068437855,0.000007925699068437855,0.000007925699068437855,0.000007925699068437855,0
1758164400,0.000007925699068437855,0.000007925699068437855,0.000007925699068437855,0.000007925699068437855,0
1758168000,0.000007925699068437855,0.000007925699068437855,0.000007925699068437855,0.000007925699068437855,0
1758171600,0.000007925699068437855,0.000007925699068437855,0.000007925699068437855,0.000007925699068437855,0
1758175200,0.000007925699068437855,0.000007925699068437855,0.000007925699068437855,0.000007925699068437855,0
1758178800,0.000007925699068437855,0.000007925699068437855,0.000007925699068437855,0.000007925699068437855,0
1758182400,0.000007925699068437855,0.000007925699068437855,0.000007925699068437855,0.000007925699068437855,0
1758186000,0.000007925699068437855,0.000007925699068437855,0.000007925699068437855,0.000007925699068437855,0
1758189600,0.000007925699068437855,0.000008286973243827228,0.000007925699068437855,0.000008286973243827228,92108.678717
1758193200,0.000008286973243827228,0.000008286973243827228,0.000008286973243827228,0.000008286973243827228,0
1758196800,0.000008286973243827228,0.000008286973243827228,0.000008286973243827228,0.000008286973243827228,0
1758200400,0.000008286973243827228,0.000008286973243827228,0.000008286973243827228,0.000008286973243827228,0
1758204000,0.000008286973243827228,0.000008286973243827228,0.000008286973243827228,0.000008286973243827228,0
1758207600,0.000008286973243827228,0.000008286973243827228,0.000008286973243827228,0.000008286973243827228,0
1758211200,0.000008286973243827228,0.000008286973243827228,0.000008286973243827228,0.000008286973243827228,0
1758214800,0.000008286973243827228,0.000008286973243827228,0.000008286973243827228,0.000008286973243827228,0
1758218400,0.000008286973243827228,0.000008286973243827228,0.000008286973243827228,0.000008286973243827228,0
1758222000,0.000008286973243827228,0.000008286973243827228,0.000008286973243827228,0.000008286973243827228,0
1758225600,0.000008286973243827228,0.000008286973243827228,0.000008286973243827228,0.000008286973243827228,0
1758229200,0.000008286973243827228,0.000008286973243827228,0.000008286973243827228,0.000008286973243827228,0
1758232800,0.000008286973243827228,0.000008286973243827228,0.000008286973243827228,0.000008286973243827228,0
1758236400,0.000008286973243827228,0.000008286973243827228,0.000008286973243827228,0.000008286973243827228,0
1758240000,0.000008286973243827228,0.000008286973243827228,0.000008286973243827228,0.000008286973243827228,0
1758243600,0.000008286973243827228,0.000008286973243827228,0.000008286973243827228,0.000008286973243827228,0
1758247200,0.000008286973243827228,0.000008286973243827228,0.000008286973243827228,0.000008286973243827228,0
1758250800,0.000008286973243827228,0.000008286973243827228,0.000008286973243827228,0.000008286973243827228,0
1758254400,0.000008286973243827228,0.000008286973243827228,0.000008286973243827228,0.000008286973243827228,0
1758258000,0.000008286973243827228,0.000008286973243827228,0.000008286973243827228,0.000008286973243827228,0
1758261600,0.000008286973243827228,0.000008286973243827228,0.000008286973243827228,0.000008286973243827228,0
1758265200,0.000008286973243827228,0.000008286973243827228,0.000008286973243827228,0.000008286973243827228,0
1758268800,0.000008286973243827228,0.000008286973243827228,0.000008286973243827228,0.000008286973243827228,0
1758272400,0.000008286973243827228,0.000008286973243827228,0.000008286973243827228,0.000008286973243827228,0
1758276000,0.000008286973243827228,0.000008286973243827228,0.000008286973243827228,0.000008286973243827228,0
1758279600,0.000008286973243827228,0.000008286973243827228,0.000008286973243827228,0.000008286973243827228,0
1758283200,0.000008286973243827228,0.000008286973243827228,0.000008286973243827228,0.000008286973243827228,0
1758286800,0.000008286973243827228,0.000008286973243827228,0.000008286973243827228,0.000008286973243827228,0
1758290400,0.000008286973243827228,0.000008286973243827228,0.000008157163895137926,0.000008157163895137926,147861.697618
1758294000,0.000008157163895137926,0.000008157163895137926,0.000008157163895137926,0.000008157163895137926,0
1758297600,0.000008157163895137926,0.000008157163895137926,0.000007774778755175213,0.000007774778755175213,24045400.99975
1758301200,0.000007774778755175213,0.000007774778755175213,0.000007774778755175213,0.000007774778755175213,0
1758304800,0.000007774778755175213,0.000007774778755175213,0.000007774778755175213,0.000007774778755175213,0
1758308400,0.000007774778755175213,0.000007774778755175213,0.000007774778755175213,0.000007774778755175213,0
1758312000,0.000007774778755175213,0.000007774778755175213,0.000007774778755175213,0.000007774778755175213,0
1758315600,0.000007774778755175213,0.000007774778755175213,0.000007774778755175213,0.000007774778755175213,0
1758319200,0.000007774778755175213,0.000007774778755175213,0.000007774778755175213,0.000007774778755175213,0
1758322800,0.000007774778755175213,0.000007774778755175213,0.000007774778755175213,0.000007774778755175213,0
1758326400,0.000007774778755175213,0.000007774778755175213,0.000007774778755175213,0.000007774778755175213,0
1758330000,0.000007774778755175213,0.000007774778755175213,0.000007774778755175213,0.000007774778755175213,0
1758333600,0.000007774778755175213,0.000007774778755175213,0.000007774778755175213,0.000007774778755175213,0
1758337200,0.000007774778755175213,0.000007774778755175213,0.000007774778755175213,0.000007774778755175213,0
1758340800,0.000007774778755175213,0.000007774778755175213,0.000007774778755175213,0.000007774778755175213,0
1758344400,0.000007774778755175213,0.000007774778755175213,0.000007577537217068251,0.000007577537217068251,283997.069422
1758348000,0.000007577537217068251,0.000007577537217068251,0.000007577537217068251,0.000007577537217068251,0
1758351600,0.000007577537217068251,0.000007577537217068251,0.0000075681789082888424,0.0000075681789082888424,891900.455166
1758355200,0.0000075681789082888424,0.0000075681789082888424,0.0000075681789082888424,0.0000075681789082888424,0
1758358800,0.0000075681789082888424,0.0000075681789082888424,0.0000075681789082888424,0.0000075681789082888424,0
1758362400,0.0000075681789082888424,0.0000075681789082888424,0.0000075681789082888424,0.0000075681789082888424,0
1758366000,0.0000075681789082888424,0.0000075681789082888424,0.0000075681789082888424,0.0000075681789082888424,0
1758369600,0.0000075681789082888424,0.0000075681789082888424,0.0000075681789082888424,0.0000075681789082888424,0
1758373200,0.0000075681789082888424,0.0000075681789082888424,0.0000075681789082888424,0.0000075681789082888424,0
1758376800,0.0000075681789082888424,0.0000075681789082888424,0.0000075681789082888424,0.0000075681789082888424,0
1758380400,0.0000075681789082888424,0.0000075681789082888424,0.0000075681789082888424,0.0000075681789082888424,0
1758384000,0.0000075681789082888424,0.0000075681789082888424,0.0000075681789082888424,0.0000075681789082888424,0
1758387600,0.0000075681789082888424,0.0000075681789082888424,0.0000075681789082888424,0.0000075681789082888424,0
1758391200,0.0000075681789082888424,0.0000075681789082888424,0.0000075681789082888424,0.0000075681789082888424,0
1758394800,0.0000075681789082888424,0.0000075681789082888424,0.0000075681789082888424,0.0000075681789082888424,0
1758398400,0.0000075681789082888424,0.0000075681789082888424,0.0000075681789082888424,0.0000075681789082888424,0
1758402000,0.0000075681789082888424,0.0000075681789082888424,0.0000075681789082888424,0.0000075681789082888424,0
1758405600,0.0000075681789082888424,0.0000075681789082888424,0.0000075681789082888424,0.0000075681789082888424,0
1758409200,0.0000075681789082888424,0.0000075681789082888424,0.0000075681789082888424,0.0000075681789082888424,0
1758412800,0.0000075681789082888424,0.0000075681789082888424,0.0000075681789082888424,0.0000075681789082888424,0
1758416400,0.0000075681789082888424,0.0000075681789082888424,0.000007544187055908492,0.000007544187055908492,5000000
1758420000,0.000007544187055908492,0.000007544187055908492,0.000007544187055908492,0.000007544187055908492,0
1758423600,0.000007544187055908492,0.000007544187055908492,0.000007544187055908492,0.000007544187055908492,0
1758427200,0.000007544187055908492,0.000007544187055908492,0.000007544187055908492,0.000007544187055908492,0
1758430800,0.000007544187055908492,0.000007544187055908492,0.000007544187055908492,0.000007544187055908492,0
1758434400,0.000007544187055908492,0.000007544187055908492,0.000007544187055908492,0.000007544187055908492,0
1758438000,0.000007544187055908492,0.000007544187055908492,0.000007544187055908492,0.000007544187055908492,0
1758441600,0.000007544187055908492,0.000007544187055908492,0.000007544187055908492,0.000007544187055908492,0
1758445200,0.000007544187055908492,0.000007544187055908492,0.000007402649235066343,0.000007402649235066343,3566681.465039
1758448800,0.000007402649235066343,0.000007402649235066343,0.000007402649235066343,0.000007402649235066343,0
1758452400,0.000007402649235066343,0.000007402649235066343,0.000007402649235066343,0.000007402649235066343,0
1758456000,0.000007402649235066343,0.000007402649235066343,0.000007402649235066343,0.000007402649235066343,0
1758459600,0.000007402649235066343,0.000007402649235066343,0.000007402649235066343,0.000007402649235066343,0
1758463200,0.000007402649235066343,0.000007402649235066343,0.000007402649235066343,0.000007402649235066343,0
1758466800,0.000007402649235066343,0.000007402649235066343,0.000007402649235066343,0.000007402649235066343,0
1758470400,0.000007402649235066343,0.000007402649235066343,0.000007402649235066343,0.000007402649235066343,0
1758474000,0.000007402649235066343,0.000007402649235066343,0.000007402649235066343,0.000007402649235066343,0
1758477600,0.000007402649235066343,0.000007402649235066343,0.000007402649235066343,0.000007402649235066343,0
1758481200,0.000007402649235066343,0.000007402649235066343,0.000007402649235066343,0.000007402649235066343,0
1758484800,0.000007402649235066343,0.000007402649235066343,0.000007402649235066343,0.000007402649235066343,0
1758488400,0.000007402649235066343,0.000007402649235066343,0.000007402649235066343,0.000007402649235066343,0
1758492000,0.000007402649235066343,0.000007402649235066343,0.000007402649235066343,0.000007402649235066343,0
1758495600,0.000007402649235066343,0.000007402649235066343,0.000007402649235066343,0.000007402649235066343,0
1758499200,0.000007402649235066343,0.000007402649235066343,0.000007402649235066343,0.000007402649235066343,0
1758502800,0.000007402649235066343,0.000007402649235066343,0.000007402649235066343,0.000007402649235066343,0
1758506400,0.000007402649235066343,0.000007402649235066343,0.000007402649235066343,0.000007402649235066343,0
1758510000,0.000007402649235066343,0.000007402649235066343,0.000007402649235066343,0.000007402649235066343,0
1758513600,0.000007402649235066343,0.000007402649235066343,0.000007402649235066343,0.000007402649235066343,0
1758517200,0.000007402649235066343,0.000007402649235066343,0.000007402649235066343,0.000007402649235066343,0
1758520800,0.000007402649235066343,0.000007402649235066343,0.000007402649235066343,0.000007402649235066343,0
1758524400,0.000007402649235066343,0.000007402649235066343,0.000007402649235066343,0.000007402649235066343,0
1758528000,0.000007402649235066343,0.000007402649235066343,0.000007402649235066343,0.000007402649235066343,0
1758531600,0.000007402649235066343,0.000007402649235066343,0.000007402649235066343,0.000007402649235066343,0
1758535200,0.000007402649235066343,0.000007402649235066343,0.000007402649235066343,0.000007402649235066343,0
1758538800,0.000007402649235066343,0.000007402649235066343,0.000007402649235066343,0.000007402649235066343,0
1758542400,0.000007402649235066343,0.000007402649235066343,0.000007402649235066343,0.000007402649235066343,0
1758546000,0.000007402649235066343,0.000007402649235066343,0.000007402649235066343,0.000007402649235066343,0
1758549600,0.000007402649235066343,0.000007402649235066343,0.000007402649235066343,0.000007402649235066343,0
1758553200,0.000007402649235066343,0.000007402649235066343,0.000007402649235066343,0.000007402649235066343,0
1758556800,0.000007402649235066343,0.000007402649235066343,0.000007402649235066343,0.000007402649235066343,0
1758560400,0.000007402649235066343,0.000007402649235066343,0.000007402649235066343,0.000007402649235066343,0
1758564000,0.000007402649235066343,0.000007402649235066343,0.000006826834701391175,0.000006826834701391175,1171999.282768
1758567600,0.000006826834701391175,0.000006826834701391175,0.000006826834701391175,0.000006826834701391175,0
1758571200,0.000006826834701391175,0.000006826834701391175,0.000006826834701391175,0.000006826834701391175,0
1758574800,0.000006826834701391175,0.000006826834701391175,0.000006826834701391175,0.000006826834701391175,0
1758578400,0.000006826834701391175,0.000006826834701391175,0.000006826834701391175,0.000006826834701391175,0
1758582000,0.000006826834701391175,0.000006826834701391175,0.000006826834701391175,0.000006826834701391175,0
1758585600,0.000006826834701391175,0.000006826834701391175,0.000006826834701391175,0.000006826834701391175,0
1758589200,0.000006826834701391175,0.000006826834701391175,0.000006826834701391175,0.000006826834701391175,0
1758592800,0.000006826834701391175,0.000006826834701391175,0.0000066533304210913386,0.0000066533304210913386,44988.50253
1758596400,0.0000066533304210913386,0.0000066533304210913386,0.0000066533304210913386,0.0000066533304210913386,0
1758600000,0.0000066533304210913386,0.0000066533304210913386,0.0000066533304210913386,0.0000066533304210913386,0
1758603600,0.0000066533304210913386,0.0000066533304210913386,0.0000066533304210913386,0.0000066533304210913386,0
1758607200,0.0000066533304210913386,0.0000066533304210913386,0.0000066533304210913386,0.0000066533304210913386,0
1758610800,0.0000066533304210913386,0.0000066533304210913386,0.0000066533304210913386,0.0000066533304210913386,0
1758614400,0.0000066533304210913386,0.0000066533304210913386,0.0000066533304210913386,0.0000066533304210913386,0
1758618000,0.0000066533304210913386,0.0000066533304210913386,0.0000066533304210913386,0.0000066533304210913386,0
1758621600,0.0000066533304210913386,0.0000066533304210913386,0.0000066533304210913386,0.0000066533304210913386,0
1758625200,0.0000066533304210913386,0.0000066533304210913386,0.0000066533304210913386,0.0000066533304210913386,0
1758628800,0.0000066533304210913386,0.0000066533304210913386,0.0000066533304210913386,0.0000066533304210913386,0
1758632400,0.0000066533304210913386,0.0000066533304210913386,0.0000066533304210913386,0.0000066533304210913386,0
1758636000,0.0000066533304210913386,0.0000066533304210913386,0.0000066533304210913386,0.0000066533304210913386,0
1758639600,0.0000066533304210913386,0.0000066533304210913386,0.0000066533304210913386,0.0000066533304210913386,0
1758643200,0.0000066533304210913386,0.0000066533304210913386,0.0000066533304210913386,0.0000066533304210913386,0
1758646800,0.0000066533304210913386,0.0000066533304210913386,0.0000066533304210913386,0.0000066533304210913386,0
1758650400,0.0000066533304210913386,0.0000066533304210913386,0.0000066533304210913386,0.0000066533304210913386,0
1758654000,0.0000066533304210913386,0.0000066533304210913386,0.0000066533304210913386,0.0000066533304210913386,0
1758657600,0.0000066533304210913386,0.0000066533304210913386,0.0000066533304210913386,0.0000066533304210913386,0
1758661200,0.0000066533304210913386,0.0000066533304210913386,0.0000066533304210913386,0.0000066533304210913386,0
1758664800,0.0000066533304210913386,0.0000066533304210913386,0.0000066533304210913386,0.0000066533304210913386,0
1758668400,0.0000066533304210913386,0.0000066533304210913386,0.0000066533304210913386,0.0000066533304210913386,0
1758672000,0.0000066533304210913386,0.0000066533304210913386,0.0000066533304210913386,0.0000066533304210913386,0
1758675600,0.0000066533304210913386,0.0000066533304210913386,0.0000066533304210913386,0.0000066533304210913386,0
1758679200,0.0000066533304210913386,0.0000066533304210913386,0.0000066533304210913386,0.0000066533304210913386,0
1758682800,0.0000066533304210913386,0.0000066533304210913386,0.0000066533304210913386,0.0000066533304210913386,0
1758686400,0.0000066533304210913386,0.0000066533304210913386,0.0000066533304210913386,0.0000066533304210913386,0
1758690000,0.0000066533304210913386,0.0000066533304210913386,0.0000066533304210913386,0.0000066533304210913386,0
1758693600,0.0000066533304210913386,0.0000066533304210913386,0.0000066533304210913386,0.0000066533304210913386,0
1758697200,0.0000066533304210913386,0.0000066533304210913386,0.0000066533304210913386,0.0000066533304210913386,0
1758700800,0.0000066533304210913386,0.0000066533304210913386,0.0000066533304210913386,0.0000066533304210913386,0
1758704400,0.0000066533304210913386,0.0000066533304210913386,0.0000066533304210913386,0.0000066533304210913386,0
1758708000,0.0000066533304210913386,0.0000066533304210913386,0.0000066533304210913386,0.0000066533304210913386,0
1758711600,0.0000066533304210913386,0.0000066533304210913386,0.0000066533304210913386,0.0000066533304210913386,0
1758715200,0.0000066533304210913386,0.0000066533304210913386,0.0000066533304210913386,0.0000066533304210913386,0
1758718800,0.0000066533304210913386,0.0000066533304210913386,0.0000066533304210913386,0.0000066533304210913386,0
1758722400,0.0000066533304210913386,0.0000066533304210913386,0.000006648304109885158,0.000006648304109885158,286014.110673
1758726000,0.000006648304109885158,0.000006648304109885158,0.000006648304109885158,0.000006648304109885158,0
1758729600,0.000006648304109885158,0.000006648304109885158,0.000006648304109885158,0.000006648304109885158,0
1758733200,0.000006648304109885158,0.000006648304109885158,0.000006648304109885158,0.000006648304109885158,0
1758736800,0.000006648304109885158,0.000006648304109885158,0.000006648304109885158,0.000006648304109885158,0
1758740400,0.000006648304109885158,0.000006648304109885158,0.000006648304109885158,0.000006648304109885158,0
1758744000,0.000006648304109885158,0.000006648304109885158,0.000006648304109885158,0.000006648304109885158,0
1758747600,0.000006648304109885158,0.000006648304109885158,0.000006648304109885158,0.000006648304109885158,0
1758751200,0.000006648304109885158,0.000006648304109885158,0.000006648304109885158,0.000006648304109885158,0
1758754800,0.000006648304109885158,0.000006648304109885158,0.000006648304109885158,0.000006648304109885158,0
1758758400,0.000006648304109885158,0.000006648304109885158,0.000006648304109885158,0.000006648304109885158,0
1758762000,0.000006648304109885158,0.000006648304109885158,0.000006648304109885158,0.000006648304109885158,0
1758765600,0.000006648304109885158,0.000006648304109885158,0.000006648304109885158,0.000006648304109885158,0
1758769200,0.000006648304109885158,0.000006648304109885158,0.000006648304109885158,0.000006648304109885158,0
1758772800,0.000006648304109885158,0.000006648304109885158,0.000006648304109885158,0.000006648304109885158,0
1758776400,0.000006648304109885158,0.000006648304109885158,0.000006648304109885158,0.000006648304109885158,0
1758780000,0.000006648304109885158,0.000006648304109885158,0.000006648304109885158,0.000006648304109885158,0
1758783600,0.000006648304109885158,0.000006648304109885158,0.000006648304109885158,0.000006648304109885158,0
1758787200,0.000006648304109885158,0.000006648304109885158,0.000006648304109885158,0.000006648304109885158,0
1758790800,0.000006648304109885158,0.000006648304109885158,0.0000063039593530915875,0.0000063039593530915875,23217.075006
1758794400,0.0000063039593530915875,0.0000063039593530915875,0.0000063039593530915875,0.0000063039593530915875,0
1758798000,0.0000063039593530915875,0.0000063039593530915875,0.0000063039593530915875,0.0000063039593530915875,0
1758801600,0.0000063039593530915875,0.0000063039593530915875,0.0000063039593530915875,0.0000063039593530915875,0
1758805200,0.0000063039593530915875,0.0000063039593530915875,0.0000063039593530915875,0.0000063039593530915875,0
1758808800,0.0000063039593530915875,0.0000063039593530915875,0.0000063039593530915875,0.0000063039593530915875,0
1758812400,0.0000063039593530915875,0.0000063039593530915875,0.0000063039593530915875,0.0000063039593530915875,0
1758816000,0.0000063039593530915875,0.0000063039593530915875,0.0000063039593530915875,0.0000063039593530915875,0
1758819600,0.0000063039593530915875,0.0000063039593530915875,0.0000063039593530915875,0.0000063039593530915875,0
1758823200,0.0000063039593530915875,0.0000063039593530915875,0.0000063039593530915875,0.0000063039593530915875,0
1758826800,0.0000063039593530915875,0.0000063039593530915875,0.0000063039593530915875,0.0000063039593530915875,0
1758830400,0.0000063039593530915875,0.0000063039593530915875,0.0000063039593530915875,0.0000063039593530915875,0
1758834000,0.0000063039593530915875,0.0000063039593530915875,0.0000063039593530915875,0.0000063039593530915875,0
1758837600,0.0000063039593530915875,0.0000063039593530915875,0.0000063039593530915875,0.0000063039593530915875,0
1758841200,0.0000063039593530915875,0.0000063039593530915875,0.0000063039593530915875,0.0000063039593530915875,0
1758844800,0.0000063039593530915875,0.0000063039593530915875,0.0000063039593530915875,0.0000063039593530915875,0
1758848400,0.0000063039593530915875,0.0000063039593530915875,0.0000063039593530915875,0.0000063039593530915875,0
1758852000,0.0000063039593530915875,0.0000063039593530915875,0.0000063039593530915875,0.0000063039593530915875,0
1758855600,0.0000063039593530915875,0.0000063039593530915875,0.0000063039593530915875,0.0000063039593530915875,0
1758859200,0.0000063039593530915875,0.0000063039593530915875,0.0000063039593530915875,0.0000063039593530915875,0
1758862800,0.0000063039593530915875,0.0000063039593530915875,0.0000063039593530915875,0.0000063039593530915875,0
1758866400,0.0000063039593530915875,0.0000063039593530915875,0.0000063039593530915875,0.0000063039593530915875,0
1758870000,0.0000063039593530915875,0.0000063039593530915875,0.0000063039593530915875,0.0000063039593530915875,0
1758873600,0.0000063039593530915875,0.0000063039593530915875,0.0000063039593530915875,0.0000063039593530915875,0
1758877200,0.0000063039593530915875,0.0000063039593530915875,0.0000063039593530915875,0.0000063039593530915875,0
1758880800,0.0000063039593530915875,0.0000063039593530915875,0.0000063039593530915875,0.0000063039593530915875,0
1758884400,0.0000063039593530915875,0.0000063039593530915875,0.0000063039593530915875,0.0000063039593530915875,0
1758888000,0.0000063039593530915875,0.0000063039593530915875,0.0000063039593530915875,0.0000063039593530915875,0
1758891600,0.0000063039593530915875,0.0000063039593530915875,0.0000063039593530915875,0.0000063039593530915875,0
1758895200,0.0000063039593530915875,0.0000063039593530915875,0.0000063039593530915875,0.0000063039593530915875,0
1758898800,0.0000063039593530915875,0.0000063039593530915875,0.0000063039593530915875,0.0000063039593530915875,0
1758902400,0.0000063039593530915875,0.0000063039593530915875,0.0000063039593530915875,0.0000063039593530915875,0
1758906000,0.0000063039593530915875,0.0000063039593530915875,0.0000063039593530915875,0.0000063039593530915875,0
1758909600,0.0000063039593530915875,0.0000063039593530915875,0.0000063039593530915875,0.0000063039593530915875,0
1758913200,0.0000063039593530915875,0.0000063039593530915875,0.0000063039593530915875,0.0000063039593530915875,0
1758916800,0.0000063039593530915875,0.0000063039593530915875,0.0000063039593530915875,0.0000063039593530915875,0
1758920400,0.0000063039593530915875,0.0000063039593530915875,0.0000063039593530915875,0.0000063039593530915875,0
1758924000,0.0000063039593530915875,0.0000063039593530915875,0.0000063039593530915875,0.0000063039593530915875,0
1758927600,0.0000063039593530915875,0.0000063039593530915875,0.0000063039593530915875,0.0000063039593530915875,0
1758931200,0.0000063039593530915875,0.0000063039593530915875,0.0000063039593530915875,0.0000063039593530915875,0
1758934800,0.0000063039593530915875,0.0000063039593530915875,0.0000063039593530915875,0.0000063039593530915875,0
1758938400,0.0000063039593530915875,0.0000063039593530915875,0.0000063039593530915875,0.0000063039593530915875,0
1758942000,0.0000063039593530915875,0.0000063039593530915875,0.0000063039593530915875,0.0000063039593530915875,0
1758945600,0.0000063039593530915875,0.0000063039593530915875,0.0000063039593530915875,0.0000063039593530915875,0
1758949200,0.0000063039593530915875,0.0000063039593530915875,0.0000063039593530915875,0.0000063039593530915875,0
1758952800,0.0000063039593530915875,0.0000063039593530915875,0.0000063039593530915875,0.0000063039593530915875,0
1758956400,0.0000063039593530915875,0.0000063039593530915875,0.0000063039593530915875,0.0000063039593530915875,0
1758960000,0.0000063039593530915875,0.0000063039593530915875,0.0000063039593530915875,0.0000063039593530915875,0
1758963600,0.0000063039593530915875,0.0000063039593530915875,0.0000063039593530915875,0.0000063039593530915875,0
1758967200,0.0000063039593530915875,0.0000063039593530915875,0.00000600486433849936,0.00000600486433849936,28312497.142269
1758970800,0.00000600486433849936,0.00000600486433849936,0.00000600486433849936,0.00000600486433849936,0
1758974400,0.00000600486433849936,0.00000600486433849936,0.00000600486433849936,0.00000600486433849936,0
1758978000,0.00000600486433849936,0.00000600486433849936,0.00000600486433849936,0.00000600486433849936,0
1758981600,0.00000600486433849936,0.00000600486433849936,0.000005842054179899501,0.000005842054179899501,278558.945445
1758985200,0.000005842054179899501,0.000005842054179899501,0.000005842054179899501,0.000005842054179899501,0
1758988800,0.000005842054179899501,0.000005842054179899501,0.000005842054179899501,0.000005842054179899501,0
1758992400,0.000005842054179899501,0.000005842054179899501,0.000005842054179899501,0.000005842054179899501,0
1758996000,0.000005842054179899501,0.000005842054179899501,0.000005842054179899501,0.000005842054179899501,0
1758999600,0.000005842054179899501,0.000005842054179899501,0.000005842054179899501,0.000005842054179899501,0
1759003200,0.000005842054179899501,0.000005842054179899501,0.000005842054179899501,0.000005842054179899501,0
1759006800,0.000005842054179899501,0.000005842054179899501,0.000005842054179899501,0.000005842054179899501,0
1759010400,0.000005842054179899501,0.000005842054179899501,0.000005842054179899501,0.000005842054179899501,0
1759014000,0.000005842054179899501,0.000005842054179899501,0.000005842054179899501,0.000005842054179899501,0
1759017600,0.000005842054179899501,0.000005842054179899501,0.000005842054179899501,0.000005842054179899501,0
1759021200,0.000005842054179899501,0.000005842054179899501,0.000005842054179899501,0.000005842054179899501,0
1759024800,0.000005842054179899501,0.000005842054179899501,0.000005842054179899501,0.000005842054179899501,0
1759028400,0.000005842054179899501,0.000005842054179899501,0.000005842054179899501,0.000005842054179899501,0
1759032000,0.000005842054179899501,0.000005842054179899501,0.000005842054179899501,0.000005842054179899501,0
1759035600,0.000005842054179899501,0.000005842054179899501,0.000005842054179899501,0.000005842054179899501,0
1759039200,0.000005842054179899501,0.000005842054179899501,0.000005842054179899501,0.000005842054179899501,0
1759042800,0.000005842054179899501,0.000005842054179899501,0.000005842054179899501,0.000005842054179899501,0
1759046400,0.000005842054179899501,0.000005842054179899501,0.000005842054179899501,0.000005842054179899501,0
1759050000,0.000005842054179899501,0.000005842054179899501,0.000005842054179899501,0.000005842054179899501,0
1759053600,0.000005842054179899501,0.000005842054179899501,0.000005842054179899501,0.000005842054179899501,0
1759057200,0.000005842054179899501,0.000005842054179899501,0.000005842054179899501,0.000005842054179899501,0
1759060800,0.000005842054179899501,0.000005842054179899501,0.000005842054179899501,0.000005842054179899501,0
1759064400,0.000005842054179899501,0.000005842054179899501,0.000005842054179899501,0.000005842054179899501,0
1759068000,0.000005842054179899501,0.000005842054179899501,0.000005842054179899501,0.000005842054179899501,0
1759071600,0.000005842054179899501,0.000005842054179899501,0.000005842054179899501,0.000005842054179899501,0
1759075200,0.000005842054179899501,0.000005842054179899501,0.000005842054179899501,0.000005842054179899501,0
1759078800,0.000005842054179899501,0.000005842054179899501,0.000005842054179899501,0.000005842054179899501,0
1759082400,0.000005842054179899501,0.000005842054179899501,0.000005842054179899501,0.000005842054179899501,0
1759086000,0.000005842054179899501,0.000005842054179899501,0.000005842054179899501,0.000005842054179899501,0
1759089600,0.000005842054179899501,0.000005842054179899501,0.000005842054179899501,0.000005842054179899501,0
1759093200,0.000005842054179899501,0.000005842054179899501,0.000005842054179899501,0.000005842054179899501,0
1759096800,0.000005842054179899501,0.000005842054179899501,0.000005842054179899501,0.000005842054179899501,0
1759100400,0.000005842054179899501,0.000005842054179899501,0.000005842054179899501,0.000005842054179899501,0
1759104000,0.000005842054179899501,0.000005842054179899501,0.000005842054179899501,0.000005842054179899501,0
1759107600,0.000005842054179899501,0.000005842054179899501,0.000005842054179899501,0.000005842054179899501,0
1759111200,0.000005842054179899501,0.000005842054179899501,0.000005842054179899501,0.000005842054179899501,0
1759114800,0.000005842054179899501,0.000005842054179899501,0.000005842054179899501,0.000005842054179899501,0
1759118400,0.000005842054179899501,0.000005842054179899501,0.000005842054179899501,0.000005842054179899501,0
1759122000,0.000005842054179899501,0.000005842054179899501,0.000005842054179899501,0.000005842054179899501,0
1759125600,0.000005842054179899501,0.000005842054179899501,0.000005842054179899501,0.000005842054179899501,0
1759129200,0.000005842054179899501,0.000005842054179899501,0.000005842054179899501,0.000005842054179899501,0
1759132800,0.000005842054179899501,0.000005842054179899501,0.000005842054179899501,0.000005842054179899501,0
1759136400,0.000005842054179899501,0.000005842054179899501,0.000005842054179899501,0.000005842054179899501,0
1759140000,0.000005842054179899501,0.000005842054179899501,0.000005842054179899501,0.000005842054179899501,0
1759143600,0.000005842054179899501,0.000005842054179899501,0.000005842054179899501,0.000005842054179899501,0
1759147200,0.000005842054179899501,0.000005842054179899501,0.000005842054179899501,0.000005842054179899501,0
1759150800,0.000005842054179899501,0.000005842054179899501,0.000005842054179899501,0.000005842054179899501,0
1759154400,0.000005842054179899501,0.000005842054179899501,0.000005842054179899501,0.000005842054179899501,0
1759158000,0.000005842054179899501,0.000005842054179899501,0.000005842054179899501,0.000005842054179899501,0
1759161600,0.000005842054179899501,0.000005842054179899501,0.000005842054179899501,0.000005842054179899501,0
1759165200,0.000005842054179899501,0.000005842054179899501,0.000005842054179899501,0.000005842054179899501,0
1759168800,0.000005842054179899501,0.000005842054179899501,0.000005842054179899501,0.000005842054179899501,0
1759172400,0.000005842054179899501,0.000005842054179899501,0.000005842054179899501,0.000005842054179899501,0
1759176000,0.000005842054179899501,0.000005842054179899501,0.000005842054179899501,0.000005842054179899501,0
1759179600,0.000005842054179899501,0.000005842054179899501,0.000005842054179899501,0.000005842054179899501,0
1759183200,0.000005842054179899501,0.000005842054179899501,0.000005842054179899501,0.000005842054179899501,0
1759186800,0.000005842054179899501,0.000005842054179899501,0.000005842054179899501,0.000005842054179899501,0
1759190400,0.000005842054179899501,0.000005842054179899501,0.000005842054179899501,0.000005842054179899501,0
1759194000,0.000005842054179899501,0.000005842054179899501,0.000005842054179899501,0.000005842054179899501,0
1759197600,0.000005842054179899501,0.000005842054179899501,0.000005842054179899501,0.000005842054179899501,0
1759201200,0.000005842054179899501,0.000005842054179899501,0.000005842054179899501,0.000005842054179899501,0
1759204800,0.000005842054179899501,0.000005842054179899501,0.000005842054179899501,0.000005842054179899501,0
1759208400,0.000005842054179899501,0.000005842054179899501,0.000005842054179899501,0.000005842054179899501,0
1759212000,0.000005842054179899501,0.000005842054179899501,0.000005842054179899501,0.000005842054179899501,0
1759215600,0.000005842054179899501,0.000005842054179899501,0.000005842054179899501,0.000005842054179899501,0
1759219200,0.000005842054179899501,0.000005842054179899501,0.000005842054179899501,0.000005842054179899501,0
1759222800,0.000005842054179899501,0.000005842054179899501,0.000005842054179899501,0.000005842054179899501,0
1759226400,0.000005842054179899501,0.000005842054179899501,0.000005842054179899501,0.000005842054179899501,0
1759230000,0.000005842054179899501,0.000005842054179899501,0.000005842054179899501,0.000005842054179899501,0
1759233600,0.000005842054179899501,0.000005842054179899501,0.000005842054179899501,0.000005842054179899501,0
1759237200,0.000005842054179899501,0.000005842054179899501,0.000005842054179899501,0.000005842054179899501,0
1759240800,0.000005842054179899501,0.000005842054179899501,0.000005842054179899501,0.000005842054179899501,0
1759244400,0.000005842054179899501,0.000005842054179899501,0.000005842054179899501,0.000005842054179899501,0
1759248000,0.000005842054179899501,0.000005842054179899501,0.000005842054179899501,0.000005842054179899501,0
1759251600,0.000005842054179899501,0.000005842054179899501,0.000005842054179899501,0.000005842054179899501,0
1759255200,0.000005842054179899501,0.000005842054179899501,0.000005842054179899501,0.000005842054179899501,0
1759258800,0.000005842054179899501,0.000005842054179899501,0.000005842054179899501,0.000005842054179899501,0
1759262400,0.000005842054179899501,0.000005842054179899501,0.000005842054179899501,0.000005842054179899501,0
1759266000,0.000005842054179899501,0.000005842054179899501,0.000005842054179899501,0.000005842054179899501,0
1759269600,0.000005842054179899501,0.000005842054179899501,0.000005842054179899501,0.000005842054179899501,0
1759273200,0.000005842054179899501,0.000005842054179899501,0.000005842054179899501,0.000005842054179899501,0
1759276800,0.000005842054179899501,0.000005842054179899501,0.000005842054179899501,0.000005842054179899501,0
1759280400,0.000005842054179899501,0.000005842054179899501,0.000005842054179899501,0.000005842054179899501,0
1759284000,0.000005842054179899501,0.000005842054179899501,0.000005842054179899501,0.000005842054179899501,0
1759287600,0.000005842054179899501,0.000005842054179899501,0.000005842054179899501,0.000005842054179899501,0
1759291200,0.000005842054179899501,0.000005842054179899501,0.000005842054179899501,0.000005842054179899501,0
1759294800,0.000005842054179899501,0.000005842054179899501,0.000005842054179899501,0.000005842054179899501,0
1759298400,0.000005842054179899501,0.000005842054179899501,0.000005842054179899501,0.000005842054179899501,0
1759302000,0.000005842054179899501,0.000005842054179899501,0.000005842054179899501,0.000005842054179899501,0
1759305600,0.000005842054179899501,0.000005842054179899501,0.000005842054179899501,0.000005842054179899501,0
1759309200,0.000005842054179899501,0.000005842054179899501,0.000005842054179899501,0.000005842054179899501,0
1759312800,0.000005842054179899501,0.000006195235023522183,0.000005842054179899501,0.000006195235023522183,4670942.70781
1759316400,0.000006195235023522183,0.000006195235023522183,0.000006195235023522183,0.000006195235023522183,0
1759320000,0.000006195235023522183,0.000006195235023522183,0.000006195235023522183,0.000006195235023522183,0
1759323600,0.000006195235023522183,0.000006195235023522183,0.000006195235023522183,0.000006195235023522183,0
1759327200,0.000006195235023522183,0.000006195235023522183,0.000006195235023522183,0.000006195235023522183,0
1759330800,0.000006195235023522183,0.000006195235023522183,0.000006195235023522183,0.000006195235023522183,0
1759334400,0.000006195235023522183,0.000006195235023522183,0.000006195235023522183,0.000006195235023522183,0
1759338000,0.000006195235023522183,0.000006195235023522183,0.000006195235023522183,0.000006195235023522183,0
1759341600,0.000006195235023522183,0.000006195235023522183,0.000006195235023522183,0.000006195235023522183,0
1759345200,0.000006195235023522183,0.000006195235023522183,0.000006195235023522183,0.000006195235023522183,0
1759348800,0.000006195235023522183,0.000006195235023522183,0.000006195235023522183,0.000006195235023522183,0
1759352400,0.000006195235023522183,0.000006195235023522183,0.000006195235023522183,0.000006195235023522183,0
1759356000,0.000006195235023522183,0.000006195235023522183,0.000006195235023522183,0.000006195235023522183,0
1759359600,0.000006195235023522183,0.000006195235023522183,0.000006195235023522183,0.000006195235023522183,0
1759363200,0.000006195235023522183,0.000006195235023522183,0.000006195235023522183,0.000006195235023522183,0
1759366800,0.000006195235023522183,0.000006195235023522183,0.000006195235023522183,0.000006195235023522183,0
1759370400,0.000006195235023522183,0.000006195235023522183,0.000006195235023522183,0.000006195235023522183,0
1759374000,0.000006195235023522183,0.000006195235023522183,0.000006195235023522183,0.000006195235023522183,0
1759377600,0.000006195235023522183,0.000006195235023522183,0.000006195235023522183,0.000006195235023522183,0
1759381200,0.000006195235023522183,0.000006195235023522183,0.000006195235023522183,0.000006195235023522183,0
1759384800,0.000006195235023522183,0.000006195235023522183,0.000006195235023522183,0.000006195235023522183,0
1759388400,0.000006195235023522183,0.000006195235023522183,0.000006195235023522183,0.000006195235023522183,0
1759392000,0.000006195235023522183,0.000006195235023522183,0.000006195235023522183,0.000006195235023522183,0
1759395600,0.000006195235023522183,0.000006195235023522183,0.000006195235023522183,0.000006195235023522183,0
1759399200,0.000006195235023522183,0.000006195235023522183,0.000006195235023522183,0.000006195235023522183,0
1759402800,0.000006195235023522183,0.000006195235023522183,0.000006195235023522183,0.000006195235023522183,0
1759406400,0.000006195235023522183,0.000006195235023522183,0.000006195235023522183,0.000006195235023522183,0
1759410000,0.000006195235023522183,0.000006195235023522183,0.000006195235023522183,0.000006195235023522183,0
1759413600,0.000006195235023522183,0.000006195235023522183,0.000006195235023522183,0.000006195235023522183,0
1759417200,0.000006195235023522183,0.000006195235023522183,0.000006195235023522183,0.000006195235023522183,0
1759420800,0.000006195235023522183,0.000006195235023522183,0.000006195235023522183,0.000006195235023522183,0
1759424400,0.000006195235023522183,0.000006195235023522183,0.000006195235023522183,0.000006195235023522183,0
1759428000,0.000006195235023522183,0.000006195235023522183,0.000006195235023522183,0.000006195235023522183,0
1759431600,0.000006195235023522183,0.000006195235023522183,0.000006195235023522183,0.000006195235023522183,0
1759435200,0.000006195235023522183,0.000006195235023522183,0.000006195235023522183,0.000006195235023522183,0
1759438800,0.000006195235023522183,0.000006195235023522183,0.000006195235023522183,0.000006195235023522183,0
1759442400,0.000006195235023522183,0.000006195235023522183,0.000006195235023522183,0.000006195235023522183,0
1759446000,0.000006195235023522183,0.000006195235023522183,0.000006195235023522183,0.000006195235023522183,0
1759449600,0.000006195235023522183,0.000006195235023522183,0.000006195235023522183,0.000006195235023522183,0
1759453200,0.000006195235023522183,0.000006195235023522183,0.000006195235023522183,0.000006195235023522183,0
1759456800,0.000006195235023522183,0.000006195235023522183,0.000006195235023522183,0.000006195235023522183,0
1759460400,0.000006195235023522183,0.000006195235023522183,0.000006195235023522183,0.000006195235023522183,0
1759464000,0.000006195235023522183,0.000006195235023522183,0.000006195235023522183,0.000006195235023522183,0
1759467600,0.000006195235023522183,0.000006195235023522183,0.000006195235023522183,0.000006195235023522183,0
1759471200,0.000006195235023522183,0.000006195235023522183,0.000006195235023522183,0.000006195235023522183,0
1759474800,0.000006195235023522183,0.000006195235023522183,0.000006195235023522183,0.000006195235023522183,0
1759478400,0.000006195235023522183,0.000006195235023522183,0.000006195235023522183,0.000006195235023522183,0
1759482000,0.000006195235023522183,0.000006195235023522183,0.000006195235023522183,0.000006195235023522183,0
1759485600,0.000006195235023522183,0.000006195235023522183,0.000006195235023522183,0.000006195235023522183,0
1759489200,0.000006195235023522183,0.000006527704411438211,0.000006195235023522183,0.000006527704411438211,1816080.185059
1759492800,0.000006527704411438211,0.000006527704411438211,0.000006527704411438211,0.000006527704411438211,0
1759496400,0.000006527704411438211,0.000006527704411438211,0.000006527704411438211,0.000006527704411438211,0
1759500000,0.000006527704411438211,0.000006527704411438211,0.000006527704411438211,0.000006527704411438211,0
1759503600,0.000006527704411438211,0.000006527704411438211,0.000006527704411438211,0.000006527704411438211,0
1759507200,0.000006527704411438211,0.000006527704411438211,0.000006527704411438211,0.000006527704411438211,0
1759510800,0.000006527704411438211,0.000006527704411438211,0.000006527704411438211,0.000006527704411438211,0
1759514400,0.000006527704411438211,0.000006527704411438211,0.000006527704411438211,0.000006527704411438211,0
1759518000,0.000006527704411438211,0.000006527704411438211,0.000006527704411438211,0.000006527704411438211,0
1759521600,0.000006527704411438211,0.000006527704411438211,0.000006527704411438211,0.000006527704411438211,0
1759525200,0.000006527704411438211,0.000006527704411438211,0.000006527704411438211,0.000006527704411438211,0
1759528800,0.000006527704411438211,0.000006527704411438211,0.000006527704411438211,0.000006527704411438211,0
1759532400,0.000006527704411438211,0.000006527704411438211,0.000006527704411438211,0.000006527704411438211,0
1759536000,0.000006527704411438211,0.000006527704411438211,0.000006527704411438211,0.000006527704411438211,0
1759539600,0.000006527704411438211,0.000006527704411438211,0.000006527704411438211,0.000006527704411438211,0
1759543200,0.000006527704411438211,0.000006527704411438211,0.000006527704411438211,0.000006527704411438211,0
1759546800,0.000006527704411438211,0.000006527704411438211,0.000006527704411438211,0.000006527704411438211,0
1759550400,0.000006527704411438211,0.000006527704411438211,0.000006527704411438211,0.000006527704411438211,0
1759554000,0.000006527704411438211,0.000006527704411438211,0.000006527704411438211,0.000006527704411438211,0
1759557600,0.000006527704411438211,0.000006527704411438211,0.000006527704411438211,0.000006527704411438211,0
1759561200,0.000006527704411438211,0.000006527704411438211,0.000006527704411438211,0.000006527704411438211,0
1759564800,0.000006527704411438211,0.000006527704411438211,0.000006527704411438211,0.000006527704411438211,0
1759568400,0.000006527704411438211,0.000006527704411438211,0.000006527704411438211,0.000006527704411438211,0
1759572000,0.000006527704411438211,0.000006527704411438211,0.000006527704411438211,0.000006527704411438211,0
1759575600,0.000006527704411438211,0.000006527704411438211,0.000006527704411438211,0.000006527704411438211,0
1759579200,0.000006527704411438211,0.000006527704411438211,0.000006527704411438211,0.000006527704411438211,0
1759582800,0.000006527704411438211,0.000006527704411438211,0.000006527704411438211,0.000006527704411438211,0
1759586400,0.000006527704411438211,0.000006527704411438211,0.000006527704411438211,0.000006527704411438211,0
1759590000,0.000006527704411438211,0.000006527704411438211,0.000006527704411438211,0.000006527704411438211,0
1759593600,0.000006527704411438211,0.000006527704411438211,0.000006527704411438211,0.000006527704411438211,0
1759597200,0.000006527704411438211,0.000006527704411438211,0.000006527704411438211,0.000006527704411438211,0
1759600800,0.000006527704411438211,0.000006527704411438211,0.000006527704411438211,0.000006527704411438211,0
1759604400,0.000006527704411438211,0.000006527704411438211,0.000006527704411438211,0.000006527704411438211,0
1759608000,0.000006527704411438211,0.000006527704411438211,0.000006527704411438211,0.000006527704411438211,0
1759611600,0.000006527704411438211,0.000006527704411438211,0.000006527704411438211,0.000006527704411438211,0
1759615200,0.000006527704411438211,0.000006527704411438211,0.000006527704411438211,0.000006527704411438211,0
1759618800,0.000006527704411438211,0.000006527704411438211,0.000006527704411438211,0.000006527704411438211,0
1759622400,0.000006527704411438211,0.000006527704411438211,0.000006527704411438211,0.000006527704411438211,0
1759626000,0.000006527704411438211,0.000006527704411438211,0.000006527704411438211,0.000006527704411438211,0
1759629600,0.000006527704411438211,0.000006527704411438211,0.000006527704411438211,0.000006527704411438211,0
1759633200,0.000006527704411438211,0.000006527704411438211,0.000006527704411438211,0.000006527704411438211,0
1759636800,0.000006527704411438211,0.000006527704411438211,0.000006527704411438211,0.000006527704411438211,0
1759640400,0.000006527704411438211,0.000006527704411438211,0.000006527704411438211,0.000006527704411438211,0
1759644000,0.000006527704411438211,0.000006527704411438211,0.000006527704411438211,0.000006527704411438211,0
1759647600,0.000006527704411438211,0.000006527704411438211,0.000006527704411438211,0.000006527704411438211,0
1759651200,0.000006527704411438211,0.000006527704411438211,0.000006527704411438211,0.000006527704411438211,0
1759654800,0.000006527704411438211,0.000006527704411438211,0.000006527704411438211,0.000006527704411438211,0
1759658400,0.000006527704411438211,0.000006527704411438211,0.000006527704411438211,0.000006527704411438211,0
1759662000,0.000006527704411438211,0.000006527704411438211,0.000006527704411438211,0.000006527704411438211,0
1759665600,0.000006527704411438211,0.000006527704411438211,0.000006527704411438211,0.000006527704411438211,0
1759669200,0.000006527704411438211,0.000006527704411438211,0.000006527704411438211,0.000006527704411438211,0
1759672800,0.000006527704411438211,0.000006527704411438211,0.000006527704411438211,0.000006527704411438211,0
1759676400,0.000006527704411438211,0.000006527704411438211,0.000006527704411438211,0.000006527704411438211,0
1759680000,0.000006527704411438211,0.000006527704411438211,0.000006527704411438211,0.000006527704411438211,0
1759683600,0.000006527704411438211,0.000006527704411438211,0.000006527704411438211,0.000006527704411438211,0
1759687200,0.000006527704411438211,0.000006527704411438211,0.000006527704411438211,0.000006527704411438211,0
1759690800,0.000006527704411438211,0.000006527704411438211,0.000006527704411438211,0.000006527704411438211,0
1759694400,0.000006527704411438211,0.000006527704411438211,0.000006527704411438211,0.000006527704411438211,0
1759698000,0.000006527704411438211,0.000006527704411438211,0.000006527704411438211,0.000006527704411438211,0
1759701600,0.000006527704411438211,0.000006527704411438211,0.000006527704411438211,0.000006527704411438211,0
1759705200,0.000006527704411438211,0.000006527704411438211,0.000006527704411438211,0.000006527704411438211,0
1759708800,0.000006527704411438211,0.000006527704411438211,0.000006527704411438211,0.000006527704411438211,0
1759712400,0.000006527704411438211,0.000006527704411438211,0.000006527704411438211,0.000006527704411438211,0
1759716000,0.000006527704411438211,0.000006527704411438211,0.000006527704411438211,0.000006527704411438211,0
1759719600,0.000006527704411438211,0.000006527704411438211,0.000006527704411438211,0.000006527704411438211,0
1759723200,0.000006527704411438211,0.000006527704411438211,0.000006527704411438211,0.000006527704411438211,0
1759726800,0.000006527704411438211,0.000006527704411438211,0.000006527704411438211,0.000006527704411438211,0
1759730400,0.000006527704411438211,0.000006527704411438211,0.000006527704411438211,0.000006527704411438211,0
1759734000,0.000006527704411438211,0.000006527704411438211,0.000006527704411438211,0.000006527704411438211,0
1759737600,0.000006527704411438211,0.000006527704411438211,0.000006527704411438211,0.000006527704411438211,0
1759741200,0.000006527704411438211,0.000006527704411438211,0.000006527704411438211,0.000006527704411438211,0
1759744800,0.000006527704411438211,0.000006527704411438211,0.000006527704411438211,0.000006527704411438211,0
1759748400,0.000006527704411438211,0.000006527704411438211,0.000006527704411438211,0.000006527704411438211,0
1759752000,0.000006527704411438211,0.000006527704411438211,0.000006527704411438211,0.000006527704411438211,0
1759755600,0.000006527704411438211,0.000006527704411438211,0.000006527704411438211,0.000006527704411438211,0
1759759200,0.000006527704411438211,0.000006527704411438211,0.000006527704411438211,0.000006527704411438211,0
1759762800,0.000006527704411438211,0.000006527704411438211,0.000006527704411438211,0.000006527704411438211,0
1759766400,0.000006527704411438211,0.000006527704411438211,0.000006527704411438211,0.000006527704411438211,0
1759770000,0.000006527704411438211,0.000006527704411438211,0.000006527704411438211,0.000006527704411438211,0
1759773600,0.000006527704411438211,0.000006527704411438211,0.000006527704411438211,0.000006527704411438211,0
1759777200,0.000006527704411438211,0.000006527704411438211,0.000006527704411438211,0.000006527704411438211,0
1759780800,0.000006527704411438211,0.000006527704411438211,0.000006527704411438211,0.000006527704411438211,0
1759784400,0.000006527704411438211,0.000006527704411438211,0.000006527704411438211,0.000006527704411438211,0
1759788000,0.000006527704411438211,0.000006527704411438211,0.000006527704411438211,0.000006527704411438211,0
1759791600,0.000006527704411438211,0.000006527704411438211,0.000006527704411438211,0.000006527704411438211,0
1759795200,0.000006527704411438211,0.000006527704411438211,0.000006527704411438211,0.000006527704411438211,0
1759798800,0.000006527704411438211,0.000006527704411438211,0.000006527704411438211,0.000006527704411438211,0
1759802400,0.000006527704411438211,0.000006527704411438211,0.000006527704411438211,0.000006527704411438211,0
1759806000,0.000006527704411438211,0.000006527704411438211,0.000006527704411438211,0.000006527704411438211,0
1759809600,0.000006527704411438211,0.000006527704411438211,0.000006527704411438211,0.000006527704411438211,0
1759813200,0.000006527704411438211,0.000006527704411438211,0.000006527704411438211,0.000006527704411438211,0
1759816800,0.000006527704411438211,0.000006527704411438211,0.000006527704411438211,0.000006527704411438211,0
1759820400,0.000006527704411438211,0.000006527704411438211,0.000006527704411438211,0.000006527704411438211,0
1759824000,0.000006527704411438211,0.000006527704411438211,0.000006527704411438211,0.000006527704411438211,0
1759827600,0.000006527704411438211,0.000006527704411438211,0.000006527704411438211,0.000006527704411438211,0
1759831200,0.000006527704411438211,0.000006527704411438211,0.000006527704411438211,0.000006527704411438211,0
1759834800,0.000006527704411438211,0.000006527704411438211,0.000006527704411438211,0.000006527704411438211,0
1759838400,0.000006527704411438211,0.000006527704411438211,0.000006527704411438211,0.000006527704411438211,0
1759842000,0.000006527704411438211,0.000006527704411438211,0.000006527704411438211,0.000006527704411438211,0
1759845600,0.000006527704411438211,0.000006527704411438211,0.000006527704411438211,0.000006527704411438211,0
1759849200,0.000006527704411438211,0.000006527704411438211,0.000006527704411438211,0.000006527704411438211,0
1759852800,0.000006527704411438211,0.000006527704411438211,0.000006527704411438211,0.000006527704411438211,0
1759856400,0.000006527704411438211,0.000006527704411438211,0.000006527704411438211,0.000006527704411438211,0
1759860000,0.000006527704411438211,0.000006527704411438211,0.000006527704411438211,0.000006527704411438211,0
1759863600,0.000006527704411438211,0.000006527704411438211,0.000006527704411438211,0.000006527704411438211,0
1759867200,0.000006527704411438211,0.000006527704411438211,0.000006527704411438211,0.000006527704411438211,0
1759870800,0.000006527704411438211,0.000006527704411438211,0.000006527704411438211,0.000006527704411438211,0
1759874400,0.000006527704411438211,0.000006527704411438211,0.000006527704411438211,0.000006527704411438211,0
1759878000,0.000006527704411438211,0.000006527704411438211,0.000006527704411438211,0.000006527704411438211,0
1759881600,0.000006527704411438211,0.000006527704411438211,0.000006527704411438211,0.000006527704411438211,0
1759885200,0.000006527704411438211,0.000006527704411438211,0.000006527704411438211,0.000006527704411438211,0
1759888800,0.000006527704411438211,0.000006527704411438211,0.000006527704411438211,0.000006527704411438211,0
1759892400,0.000006527704411438211,0.000006527704411438211,0.000006527704411438211,0.000006527704411438211,0
1759896000,0.000006527704411438211,0.000006527704411438211,0.000006527704411438211,0.000006527704411438211,0
1759899600,0.000006527704411438211,0.000006527704411438211,0.000006527704411438211,0.000006527704411438211,0
1759903200,0.000006527704411438211,0.000006527704411438211,0.000006527704411438211,0.000006527704411438211,0
1759906800,0.000006527704411438211,0.000006527704411438211,0.000006527704411438211,0.000006527704411438211,0
1759910400,0.000006527704411438211,0.000006527704411438211,0.000006527704411438211,0.000006527704411438211,0
1759914000,0.000006527704411438211,0.000006527704411438211,0.000006527704411438211,0.000006527704411438211,0
1759917600,0.000006527704411438211,0.000006527704411438211,0.000006527704411438211,0.000006527704411438211,0
1759921200,0.000006527704411438211,0.000006527704411438211,0.000006527704411438211,0.000006527704411438211,0
1759924800,0.000006527704411438211,0.000006527704411438211,0.000006527704411438211,0.000006527704411438211,0
1759928400,0.000006527704411438211,0.000006527704411438211,0.000006527704411438211,0.000006527704411438211,0
1759932000,0.000006527704411438211,0.000006527704411438211,0.000006527704411438211,0.000006527704411438211,0
1759935600,0.000006527704411438211,0.000006527704411438211,0.000006527704411438211,0.000006527704411438211,0
1759939200,0.000006527704411438211,0.000006527704411438211,0.000006527704411438211,0.000006527704411438211,0
1759942800,0.000006527704411438211,0.000006527704411438211,0.000006527704411438211,0.000006527704411438211,0
1759946400,0.000006527704411438211,0.000006527704411438211,0.000006527704411438211,0.000006527704411438211,0
1759950000,0.000006527704411438211,0.000006527704411438211,0.000006527704411438211,0.000006527704411438211,0
1759953600,0.000006527704411438211,0.000006527704411438211,0.000006527704411438211,0.000006527704411438211,0
1759957200,0.000006527704411438211,0.000006527704411438211,0.000006527704411438211,0.000006527704411438211,0
1759960800,0.000006527704411438211,0.000006527704411438211,0.000006527704411438211,0.000006527704411438211,0
1759964400,0.000006527704411438211,0.000006527704411438211,0.000006527704411438211,0.000006527704411438211,0
1759968000,0.000006527704411438211,0.000006527704411438211,0.000006527704411438211,0.000006527704411438211,0
1759971600,0.000006527704411438211,0.000006527704411438211,0.000006527704411438211,0.000006527704411438211,0
1759975200,0.000006527704411438211,0.000006527704411438211,0.000006527704411438211,0.000006527704411438211,0
1759978800,0.000006527704411438211,0.000006527704411438211,0.000006527704411438211,0.000006527704411438211,0
1759982400,0.000006527704411438211,0.000006527704411438211,0.000006527704411438211,0.000006527704411438211,0
1759986000,0.000006527704411438211,0.000006527704411438211,0.000006527704411438211,0.000006527704411438211,0
1759989600,0.000006527704411438211,0.000006527704411438211,0.000006527704411438211,0.000006527704411438211,0
1759993200,0.000006527704411438211,0.000006527704411438211,0.000006527704411438211,0.000006527704411438211,0
1759996800,0.000006527704411438211,0.000006527704411438211,0.000006527704411438211,0.000006527704411438211,0
1760000400,0.000006527704411438211,0.000006527704411438211,0.000006527704411438211,0.000006527704411438211,0
1760004000,0.000006527704411438211,0.000006527704411438211,0.000006527704411438211,0.000006527704411438211,0
1760007600,0.000006527704411438211,0.000006527704411438211,0.000006527704411438211,0.000006527704411438211,0
1760011200,0.000006527704411438211,0.000006527704411438211,0.000006527704411438211,0.000006527704411438211,0
1760014800,0.000006527704411438211,0.000006527704411438211,0.000006527704411438211,0.000006527704411438211,0
1760018400,0.000006527704411438211,0.000006527704411438211,0.000006527704411438211,0.000006527704411438211,0
1760022000,0.000006527704411438211,0.000006527704411438211,0.000006527704411438211,0.000006527704411438211,0
1760025600,0.000006527704411438211,0.000006527704411438211,0.000006527704411438211,0.000006527704411438211,0
1760029200,0.000006527704411438211,0.000006527704411438211,0.000006527704411438211,0.000006527704411438211,0
1760032800,0.000006527704411438211,0.000006527704411438211,0.000006527704411438211,0.000006527704411438211,0
1760036400,0.000006527704411438211,0.000006527704411438211,0.000006527704411438211,0.000006527704411438211,0
1760040000,0.000006527704411438211,0.000006527704411438211,0.000006527704411438211,0.000006527704411438211,0
1760043600,0.000006527704411438211,0.000006527704411438211,0.000006527704411438211,0.000006527704411438211,0
1760047200,0.000006527704411438211,0.000006527704411438211,0.000006527704411438211,0.000006527704411438211,0
1760050800,0.000006527704411438211,0.000006527704411438211,0.000006527704411438211,0.000006527704411438211,0
1760054400,0.000006527704411438211,0.000006527704411438211,0.000006527704411438211,0.000006527704411438211,0
1760058000,0.000006527704411438211,0.000006527704411438211,0.000006527704411438211,0.000006527704411438211,0
1760061600,0.000006527704411438211,0.000006527704411438211,0.000006527704411438211,0.000006527704411438211,0
1760065200,0.000006527704411438211,0.000006527704411438211,0.000006527704411438211,0.000006527704411438211,0
1760068800,0.000006527704411438211,0.000006527704411438211,0.000006527704411438211,0.000006527704411438211,0
1760072400,0.000006527704411438211,0.000006527704411438211,0.000006527704411438211,0.000006527704411438211,0
1760076000,0.000006527704411438211,0.000006527704411438211,0.000006527704411438211,0.000006527704411438211,0
1760079600,0.000006527704411438211,0.000006527704411438211,0.000006527704411438211,0.000006527704411438211,0
1760083200,0.000006527704411438211,0.000006527704411438211,0.000006527704411438211,0.000006527704411438211,0
1760086800,0.000006527704411438211,0.000006527704411438211,0.000006527704411438211,0.000006527704411438211,0
1760090400,0.000006527704411438211,0.000006527704411438211,0.000006527704411438211,0.000006527704411438211,0
1760094000,0.000006527704411438211,0.000006527704411438211,0.000006527704411438211,0.000006527704411438211,0
1760097600,0.000006527704411438211,0.000006527704411438211,0.000006527704411438211,0.000006527704411438211,0
1760101200,0.000006527704411438211,0.000006527704411438211,0.00000617132625472233,0.00000617132625472233,14251855.122083
1760104800,0.00000617132625472233,0.00000617132625472233,0.00000617132625472233,0.00000617132625472233,0
1760108400,0.00000617132625472233,0.00000617132625472233,0.00000617132625472233,0.00000617132625472233,0
1760112000,0.00000617132625472233,0.00000617132625472233,0.00000617132625472233,0.00000617132625472233,0
1760115600,0.00000617132625472233,0.00000617132625472233,0.00000617132625472233,0.00000617132625472233,0
1760119200,0.00000617132625472233,0.00000617132625472233,0.00000617132625472233,0.00000617132625472233,0
1760122800,0.00000617132625472233,0.00000617132625472233,0.00000617132625472233,0.00000617132625472233,0
1760126400,0.00000617132625472233,0.00000617132625472233,0.00000617132625472233,0.00000617132625472233,0
1760130000,0.00000617132625472233,0.00000617132625472233,0.00000617132625472233,0.00000617132625472233,0
1760133600,0.00000617132625472233,0.00000617132625472233,0.000005160658737933366,0.000005160658737933366,276812.990765
1760137200,0.000005160658737933366,0.000005160658737933366,0.000005160658737933366,0.000005160658737933366,0
1760140800,0.000005160658737933366,0.000005160658737933366,0.000005160658737933366,0.000005160658737933366,0
1760144400,0.000005160658737933366,0.000005160658737933366,0.000005160658737933366,0.000005160658737933366,0
1760148000,0.000005160658737933366,0.000005160658737933366,0.000005160658737933366,0.000005160658737933366,0
1760151600,0.000005160658737933366,0.000005160658737933366,0.000005160658737933366,0.000005160658737933366,0
1760155200,0.000005160658737933366,0.000005160658737933366,0.000005160658737933366,0.000005160658737933366,0
1760158800,0.000005160658737933366,0.000005160658737933366,0.000005076788257951716,0.000005076788257951716,292762.268636
1760162400,0.000005076788257951716,0.000005076788257951716,0.000005076788257951716,0.000005076788257951716,0
1760166000,0.000005076788257951716,0.000005076788257951716,0.000005076788257951716,0.000005076788257951716,0
1760169600,0.000005076788257951716,0.000005076788257951716,0.000005076788257951716,0.000005076788257951716,0
1760173200,0.000005076788257951716,0.000005076788257951716,0.000005076788257951716,0.000005076788257951716,0
1760176800,0.000005076788257951716,0.000005076788257951716,0.000005076788257951716,0.000005076788257951716,0
1760180400,0.000005076788257951716,0.000005076788257951716,0.000005076788257951716,0.000005076788257951716,0
1760184000,0.000005076788257951716,0.000005076788257951716,0.000005076788257951716,0.000005076788257951716,0
1760187600,0.000005076788257951716,0.000005076788257951716,0.000005076788257951716,0.000005076788257951716,0
1760191200,0.000005076788257951716,0.000005076788257951716,0.000005076788257951716,0.000005076788257951716,0
1760194800,0.000005076788257951716,0.000005076788257951716,0.000005076788257951716,0.000005076788257951716,0
1760198400,0.000005076788257951716,0.000005076788257951716,0.000005076788257951716,0.000005076788257951716,0
1760202000,0.000005076788257951716,0.000005076788257951716,0.000005076788257951716,0.000005076788257951716,0
1760205600,0.000005076788257951716,0.000005076788257951716,0.000005076788257951716,0.000005076788257951716,0
1760209200,0.000005076788257951716,0.000005076788257951716,0.000005076788257951716,0.000005076788257951716,0
1760212800,0.000005076788257951716,0.000005076788257951716,0.000005076788257951716,0.000005076788257951716,0
1760216400,0.000005076788257951716,0.000005076788257951716,0.000005076788257951716,0.000005076788257951716,0
1760220000,0.000005076788257951716,0.000005076788257951716,0.000005076788257951716,0.000005076788257951716,0
1760223600,0.000005076788257951716,0.000005076788257951716,0.000005076788257951716,0.000005076788257951716,0
1760227200,0.000005076788257951716,0.000005076788257951716,0.000005076788257951716,0.000005076788257951716,0
1760230800,0.000005076788257951716,0.000005076788257951716,0.000005076788257951716,0.000005076788257951716,0
1760234400,0.000005076788257951716,0.000005076788257951716,0.000005076788257951716,0.000005076788257951716,0
1760238000,0.000005076788257951716,0.000005076788257951716,0.000005076788257951716,0.000005076788257951716,0
1760241600,0.000005076788257951716,0.000005076788257951716,0.000005076788257951716,0.000005076788257951716,0
1760245200,0.000005076788257951716,0.000005076788257951716,0.000005076788257951716,0.000005076788257951716,0
1760248800,0.000005076788257951716,0.000005076788257951716,0.000005076788257951716,0.000005076788257951716,0
1760252400,0.000005076788257951716,0.000005076788257951716,0.000005076788257951716,0.000005076788257951716,0
1760256000,0.000005076788257951716,0.000005076788257951716,0.000005076788257951716,0.000005076788257951716,0
1760259600,0.000005076788257951716,0.000005076788257951716,0.000005076788257951716,0.000005076788257951716,0
1760263200,0.000005076788257951716,0.000005076788257951716,0.000005076788257951716,0.000005076788257951716,0
1760266800,0.000005076788257951716,0.000005076788257951716,0.000005076788257951716,0.000005076788257951716,0
1760270400,0.000005076788257951716,0.000005076788257951716,0.000005076788257951716,0.000005076788257951716,0
1760274000,0.000005076788257951716,0.000005076788257951716,0.000005076788257951716,0.000005076788257951716,0
1760277600,0.000005076788257951716,0.000005076788257951716,0.000005076788257951716,0.000005076788257951716,0
1760281200,0.000005076788257951716,0.000005076788257951716,0.000005076788257951716,0.000005076788257951716,0
1760284800,0.000005076788257951716,0.000005076788257951716,0.000005076788257951716,0.000005076788257951716,0
1760288400,0.000005076788257951716,0.000005076788257951716,0.000005076788257951716,0.000005076788257951716,0
1760292000,0.000005076788257951716,0.000005076788257951716,0.000005076788257951716,0.000005076788257951716,0
1760295600,0.000005076788257951716,0.000005076788257951716,0.000005076788257951716,0.000005076788257951716,0
1760299200,0.000005076788257951716,0.000005076788257951716,0.000005076788257951716,0.000005076788257951716,0
1760302800,0.000005076788257951716,0.000005076788257951716,0.000005076788257951716,0.000005076788257951716,0
1760306400,0.000005076788257951716,0.000005076788257951716,0.000005076788257951716,0.000005076788257951716,0
1760310000,0.000005076788257951716,0.000005076788257951716,0.000005076788257951716,0.000005076788257951716,0
1760313600,0.000005076788257951716,0.000005076788257951716,0.000005076788257951716,0.000005076788257951716,0
1760317200,0.000005076788257951716,0.000005076788257951716,0.000005076788257951716,0.000005076788257951716,0
1760320800,0.000005076788257951716,0.000005076788257951716,0.000005076788257951716,0.000005076788257951716,0
1760324400,0.000005076788257951716,0.000005076788257951716,0.000005076788257951716,0.000005076788257951716,0
1760328000,0.000005076788257951716,0.000005076788257951716,0.000005076788257951716,0.000005076788257951716,0
1760331600,0.000005076788257951716,0.000005076788257951716,0.000005076788257951716,0.000005076788257951716,0
1760335200,0.000005076788257951716,0.000005076788257951716,0.000005076788257951716,0.000005076788257951716,0
1760338800,0.000005076788257951716,0.000005076788257951716,0.000005076788257951716,0.000005076788257951716,0
1760342400,0.000005076788257951716,0.000005076788257951716,0.000005076788257951716,0.000005076788257951716,0
1760346000,0.000005076788257951716,0.000005076788257951716,0.000005076788257951716,0.000005076788257951716,0
1760349600,0.000005076788257951716,0.000005076788257951716,0.000005076788257951716,0.000005076788257951716,0
1760353200,0.000005076788257951716,0.000005076788257951716,0.000005076788257951716,0.000005076788257951716,0